1000
869 1882 1676
2956 1108 2584
2957 1696 2785
2529 1276 2830
1671 1878 2497
2332 2810 1787
2852 1161 1128
2716 1901 1344
286 866 57
2127 1952 1394
828 171 333
2133 2650 1383
576 186 128
1181 1572 2580
1387 2339 2973
2449 2406 2469
942 493 2876
2141 2992 1785
453 2163 1226
231 644 2832
2509 2535 2816
574 937 268
2864 1960 1356
2826 1022 1604
748 908 2262
2200 2075 1847
419 815 552
1171 2147 2064
321 10 605
1068 1779 2026
407 452 2297
1526 1782 1201
1202 1874 1585
1025 2996 2896
2696 2842 2553
1562 1599 2986
884 221 2489
16 1943 1615
636 894 809
864 598 181
978 2233 1656
2800 1125 1421
744 255 610
924 188 1038
946 2066 2934
2613 1970 1208
303 911 1614
1541 1506 1765
731 2797 1330
31 1350 1433
364 503 2353
209 2914 2293
2708 1445 1209
544 379 1115
208 660 2301
192 398 531
1736 1815 1684
2499 1468 1035
551 205 98
692 955 1386
991 814 117
521 2207 2046
2887 1680 2598
51 299 762
701 518 396
64 863 89
1860 2384 2565
2531 1996 2824
380 2022 2554
1750 2697 1575
1607 1106 1606
1323 2397 2363
154 1660 1592
394 217 823
406 2646 2770
1868 1179 1775
372 135 470
428 2796 1554
2401 2718 2387
324 2611 2243
1627 1206 2276
760 2998 2182
211 1416 1658
189 1876 2467
796 2047 2812
508 121 1474
2179 1230 1967
1722 1269 2184
166 716 900
113 47 474
2536 2161 1014
699 1023 1816
879 317 260
619 2570 2155
1920 1118 2372
1322 2413 1036
1129 2798 2350
818 1252 2490
1588 1530 1471
1781 2140 1830
1254 1910 1422
2861 1989 1453
1117 2358 2434
2244 2695 2924
758 795 1734
2279 1570 2524
585 683 810
1594 1638 1133
282 1434 1823
387 65 2779
2572 2758 2966
2528 2194 1835
929 624 2475
473 2083 1921
2783 2879 2044
2112 1207 1741
1491 2404 1413
776 625 1946
285 1293 2217
2608 1547 1463
2511 2703 1837
357 160 966
2286 1195 2595
2198 2471 1593
2558 1869 1429
2818 1157 1899
1216 2093 2744
747 490 1756
513 983 1977
278 2128 1086
2374 2268 2383
2872 2742 2443
1622 2653 1109
1565 2603 1435
1482 1768 2285
1310 1446 1659
2373 2767 2164
1912 1955 2154
436 865 197
889 411 1997
18 912 650
163 427 337
481 2425 1905
1306 2793 2232
82 213 245
1919 1995 1591
1432 2749 2604
741 519 1532
1122 2865 1639
702 687 791
2158 2448 1990
206 715 897
995 891 104
727 538 920
410 1914 2082
185 93 965
1700 2027 1963
254 1540 1372
961 672 510
187 885 1277
919 602 151
2459 3000 1991
928 806 263
26 584 1301
1380 1166 1852
449 698 1123
559 2071 2366
989 149 1667
581 904 1248
1475 2370 1685
247 1783 2841
2681 2289 2221
36 840 1402
1124 2129 1778
651 525 1212
2144 2500 2651
1185 2028 1297
393 279 412
2430 1637 2254
2543 2060 2249
974 484 1089
620 262 2137
182 1398 2486
2213 1849 1759
382 168 2287
441 641 1693
176 345 1980
2843 1359 2481
2660 1278 1027
1205 1441 2638
129 1080 1600
302 977 7
244 1249 2124
729 461 1079
1706 1802 1132
2792 1619 1965
157 1950 1938
685 1810 1738
2417 2665 2488
2146 1981 2666
2405 1707 2039
509 101 697
2690 1182 2969
735 350 91
455 948 606
145 2971 1077
714 159 1961
1632 2250 1130
923 820 2521
899 78 1043
1515 1486 1091
1940 1481 2246
228 2802 1573
1873 1381 2408
789 2999 2848
2010 2599 1360
1543 2808 2911
2618 2379 1629
1363 1061 1223
6 2300 1476
49 837 777
1189 2205 2255
1114 2883 2507
726 148 2925
1625 1893 2698
1729 2790 2017
2216 1066 2004
2972 2390 2725
415 646 276
280 409 1714
590 720 70
1748 1053 1834
1103 2431 2974
673 480 1013
1339 1664 1879
448 626 1654
634 1032 2763
438 647 996
1801 2359 1136
2990 2873 2560
759 414 80
2116 1993 1338
236 296 476
2188 2054 2463
251 564 883
2541 2259 1628
957 63 2610
60 648 1479
1857 1348 1945
1822 1744 2377
1841 2868 2267
1966 1150 2930
790 292 943
15 540 1259
686 2326 1461
622 633 2941
579 797 2494
272 967 2283
2964 1904 2659
645 1503 1436
1391 2937 2980
1144 2280 1889
1104 2676 1196
131 2037 2932
1002 1148 2927
799 48 2774
38 2231 2118
1932 2799 1305
1428 1511 2632
1501 1073 2559
2583 1420 2391
2508 1507 1460
2951 1187 1969
353 143 2561
2174 1958 2376
2212 2933 2052
1992 2264 2823
739 246 2942
2445 1884 1031
2562 1902 2885
1699 1016 1213
575 976 1623
495 1686 2084
1054 1812 1584
2777 1670 1517
2717 2150 2193
2748 1864 1290
1362 2949 2805
2501 1220 1155
1111 1930 1159
1154 2096 2663
76 146 985
295 767 277
2571 2369 2343
2340 1377 1870
426 669 1915
52 435 475
751 290 2687
1393 2135 2456
2080 2354 1316
740 805 2166
867 1616 2288
2926 2766 1029
785 265 2292
174 494 451
2450 1085 2715
114 1739 2330
2162 1513 2345
136 1078 2947
734 770 1257
802 1959 1112
2318 2148 1200
486 1723 1568
711 2053 2863
2375 1936 2669
1646 2772 1262
750 888 1973
2694 2453 2617
1102 2621 2566
2994 2272 1771
2061 1308 1595
728 665 850
270 1715 1792
2402 2916 1982
2427 2069 2577
1173 2460 2869
2273 1164 1928
949 749 138
2512 1652 1265
1962 1307 2746
391 1375 1225
222 2661 2110
878 743 2743
2329 2362 1340
2436 2513 2307
482 1427 1793
971 2360 1531
226 1871 1357
1019 1051 2819
2733 2278 1396
316 944 2473
984 811 882
377 1037 1682
563 2470 1274
2648 2074 1824
2988 2011 1827
781 30 2794
764 275 1645
1055 2804 2517
2065 2210 1300
123 170 769
859 21 2953
469 2922 1245
1334 1343 1024
1661 1399 2422
1649 2045 1439
2175 1101 2159
674 327 267
836 2620 2269
2386 1877 1825
1496 1786 2392
675 314 2888
141 169 2589
2378 2121 1933
2090 1083 1974
44 2165 1072
2705 1951 1983
1092 2227 2627
1234 2789 1754
2877 1452 1561
1863 2886 2388
2086 2245 1679
1497 2904 1204
1720 2968 2762
2827 1093 2201
737 520 2997
1590 1571 1586
1758 2607 2913
1149 1881 1777
294 569 2711
844 1137 2680
501 630 824
655 831 615
733 1034 2836
2266 2538 2854
53 471 786
1975 1199 2946
1596 2688 2033
936 582 1761
755 241 2042
1576 2901 2145
478 111 2108
158 1818 1798
742 2811 1911
1289 2389 2356
545 445 2721
870 229 2068
1937 2910 2859
2049 2606 1273
539 522 1250
999 1971 2724
2498 1233 2523
2424 1084 1082
344 199 664
1791 2741 1465
92 916 892
215 2533 2109
86 874 338
1550 1939 2892
109 2761 2281
1302 1010 1598
363 2591 2458
963 418 2791
1631 1710 2312
780 351 784
2788 2014 1063
1498 2113 1352
291 597 2181
1349 1508 1466
248 497 696
2786 2331 1473
1431 2007 2900
658 1107 2645
1286 1028 2955
90 678 1579
1866 2704 1900
258 546 2944
2734 2918 1896
1231 1145 1800
1292 1804 2385
953 96 765
62 558 757
1240 2395 1224
861 2031 1437
783 2299 2943
444 440 179
972 332 1677
2750 1539 1255
594 638 464
1261 1241 1527
33 127 903
336 982 2218
560 721 257
2461 2101 2641
2906 2156 1492
1341 2728 2905
567 2316 2624
1948 2056 1840
992 97 99
554 489 935
2409 1733 2970
22 2355 2587
2768 2870 2609
990 2472 1450
761 1814 2605
934 618 1630
662 201 2699
825 779 2655
593 987 1178
860 2840 2357
746 895 1760
800 587 1424
653 14 1099
2136 2204 1811
901 1755 2940
456 1555 2208
67 2313 2919
437 804 329
2442 2593 1325
1379 2657 1442
725 561 681
640 2323 1012
612 887 775
918 242 216
915 477 220
858 307 798
2032 2078 1642
2658 1495 1747
1135 1695 2526
1559 1735 2319
588 108 1172
425 2549 2214
1324 2364 2539
118 59 2871
2023 1364 2829
2833 2197 1395
1312 1447 2328
84 389 2706
1126 2828 2776
998 2476 1809
1251 2209 1763
310 2347 1096
1672 2325 2177
2261 2189 2019
821 631 1558
2851 2423 2839
862 712 2548
293 632 947
1120 2382 2889
1314 1533 2465
2803 1843 2691
2344 2555 1976
2394 1477 2435
535 212 794
17 512 1389
1353 1075 1836
2275 1898 1743
1253 1313 1524
2126 1745 1282
1577 1609 2029
383 931 833
74 142 635
578 271 2795
1417 2707 1674
184 772 2579
2982 2530 2585
611 1052 2419
938 375 1544
2546 1423 2001
2732 2619 1850
529 297 2975
371 2693 2081
1713 1368 2302
2361 2590 1030
167 2346 1752
2649 1626 1692
366 2 3
1580 1315 1355
2740 2454 1994
487 857 2989
498 1462 2152
553 1026 1317
2760 1410 2438
261 1354 2875
196 511 710
2936 2723 2962
629 997 2479
1888 2837 2348
656 1790 2631
2180 1320 1193
326 2903 1336
1717 2237 1839
1176 2304 2866
1514 1319 2625
1528 1303 1281
536 34 968
691 1635 2643
178 458 2801
2013 2895 2495
906 822 2860
988 1146 2995
1737 1456 2582
1581 2437 1215
2291 1373 2410
1021 1964 1378
2897 2043 2120
792 424 1566
397 695 2727
2677 1504 1009
566 147 2781
1806 2426 2893
526 1597 1165
2564 2015 2765
2984 2095 1287
1925 1425 1408
708 2849 1088
1116 2132 1926
2315 3001 2342
2751 2485 1285
549 945 754
2105 2428 2228
2223 1183 1772
361 2713 1131
586 614 2234
405 2178 1923
688 2637 2119
463 1392 1794
2909 2709 2059
1256 2915 1941
1885 2062 2187
2073 2556 1033
2950 1095 1327
450 677 2679
359 390 2670
994 1719 1175
85 583 1119
61 736 548
1931 1829 1740
975 41 2654
1908 1560 2773
956 1587 2322
1279 2668 2104
331 2623 2667
45 2149 2712
9 528 1548
323 515 926
399 288 801
871 849 1170
234 1828 1044
2444 2367 1972
2048 2520 2945
2341 2008 2203
1280 2076 1140
2160 2702 1365
1203 1728 2878
1004 1918 1697
2917 1657 2923
829 628 354
2867 1192 2542
623 684 378
1934 1490 1151
1698 2099 2123
2845 2091 2532
434 661 671
2626 1411 1721
340 499 126
454 309 1388
249 839 320
973 1015 1198
1299 2518 2683
1050 2846 2921
413 274 969
1153 2640 1415
1935 2117 2983
1361 2581 1480
40 893 2899
592 875 1440
682 1105 2557
2722 1304 1168
1369 2597 2730
2515 2496 1062
676 940 1418
349 11 745
1296 2170 1988
408 917 130
970 2929 2745
1169 1821 1045
2185 2737 1190
1644 1957 1913
1152 2719 2738
680 830 1617
778 565 505
2051 2169 2757
958 1546 1370
2446 1675 2639
693 902 951
613 87 873
19 533 1058
1774 1246 1074
2726 2242 1808
313 198 1942
1097 2821 1742
2931 1188 1367
856 2440 1127
1018 1805 1703
431 568 1419
237 986 752
218 190 1288
488 1000 852
1909 2199 1229
880 202 1574
1451 2202 1134
2656 2270 2439
2224 2647 1258
54 855 1851
2142 1007 1271
165 306 269
227 173 1833
914 1803 1470
232 318 621
68 161 1746
496 1880 2400
1237 2534 2220
608 557 422
133 250 335
2880 1820 2574
910 2505 1485
465 2368 1321
2050 2544 1892
2183 2238 1374
164 37 1903
2229 2622 1549
339 1337 1046
694 2908 1121
1156 1906 1042
252 1538 1776
1263 2753 2012
79 652 601
1180 2514 2540
768 1862 2320
29 530 1542
843 116 2807
555 868 1242
1917 2578 1848
600 834 2411
365 599 1663
2831 2396 2025
195 402 666
577 483 812
2601 2682 1984
2305 2600 2484
2192 2381 1636
2092 1138 2016
305 2644 2098
2138 2111 2820
102 325 1071
115 312 2034
46 2764 2134
1228 1070 1521
909 369 2258
2447 1610 1589
808 1522 1618
443 1081 2087
1309 2769 1008
954 183 2862
993 264 2240
1057 1403 1788
193 707 2759
845 2130 2979
1701 2063 2317
1578 1090 1650
700 1454 1067
1838 2503 1552
1883 2890 2478
144 2452 2847
150 2674 1502
617 491 718
1726 1098 1730
603 2874 2778
663 403 2835
289 240 2172
2504 2825 2100
1487 2474 2977
962 816 300
1784 1563 1500
152 298 847
1516 1907 1186
2692 2168 1613
2393 1842 2684
319 2421 2088
571 273 2247
717 23 214
2815 2303 1727
939 803 2079
523 194 1270
1469 2569 1329
2225 1947 2756
1529 2814 1162
838 980 2000
1406 2432 2567
69 1845 1894
703 81 2429
846 2634 2248
2735 1430 1218
376 77 348
235 2009 2005
2685 1459 2263
1769 2963 2241
106 2961 1056
2858 1751 2516
1426 1017 2784
730 2652 1854
2021 2070 1789
1666 2324 1858
1853 2642 2967
950 1634 2464
979 595 2211
1405 1678 2838
2948 1673 1235
2537 1564 1799
110 2720 2775
2468 1620 2700
925 907 2139
1683 1163 2907
1954 2547 2002
204 1494 2689
872 738 177
66 1385 2492
2153 1601 2573
120 941 2576
75 732 2755
430 2976 2038
507 609 162
709 284 4
125 2844 1210
642 898 400
358 2898 1404
2662 1333 2614
527 322 2480
774 851 5
1681 2114 1049
1535 1331 1807
542 100 853
787 1455 1048
1725 1295 2912
788 203 763
933 1665 1890
442 460 1141
2987 1780 2230
328 73 964
1448 2714 2186
1489 2371 1832
180 385 132
848 153 83
2089 2176 2298
877 2902 1493
2336 2952 1861
2857 1690 1401
386 832 2399
927 401 39
485 2306 2290
432 589 670
155 347 1407
439 207 2338
1358 2853 1537
2310 1716 1689
24 854 1651
2235 2020 1624
384 1222 2960
1525 1275 1214
1773 1371 2739
2991 1705 1100
793 2451 2420
1518 1545 1731
362 210 835
2295 2894 1762
140 1611 1345
562 1457 2309
72 103 2525
2335 2477 1239
1797 2333 1897
56 462 2277
719 2006 2510
704 404 2226
447 352 119
773 643 1488
20 981 342
826 2636 2563
2633 1484 2097
881 58 639
223 1040 2030
1770 1510 2850
2173 2487 1523
1267 2222 1318
657 2151 2196
604 1987 2550
457 1342 2167
429 1158 1796
913 224 367
616 1551 1662
1147 1020 1668
266 1688 1483
1687 2939 1648
1944 1795 1813
959 95 2103
243 1916 1929
1718 2502 1534
689 1520 1005
1669 2754 1602
771 1143 2671
200 2055 1641
341 2978 2215
105 88 2615
1351 1260 1238
556 2412 1069
2072 1764 1505
43 659 492
1608 2596 1691
921 42 239
1709 1244 1243
2157 1397 1291
722 2729 1844
1711 1266 1647
514 373 421
416 591 392
368 423 2171
2057 2195 1236
433 124 355
219 572 1177
2806 2271 2482
2122 2522 1859
922 1060 1767
1953 1643 2102
905 466 1499
281 28 500
1458 2365 1328
532 1160 1712
2190 1298 1927
1283 1998 2041
607 287 2321
1819 1076 2252
71 50 1567
841 1467 2265
301 524 842
1865 2403 1443
1326 2993 1268
930 807 315
256 2935 2106
334 1347 1047
890 230 932
1569 1006 2822
2881 2985 1227
1895 1605 2457
1855 2493 1846
596 827 283
2551 2236 1985
2491 1464 2414
459 813 766
112 960 472
1414 2418 2884
1039 1113 1174
2629 2855 1184
139 1704 2592
713 2337 2506
649 35 886
782 1221 2527
756 381 2545
1264 2024 1065
2616 2018 2206
2594 2938 2352
25 2219 2771
2780 2752 1247
1621 2568 2635
2664 2817 2575
2731 2239 2131
1094 1384 2058
2094 2809 1612
1732 1382 2282
2710 1272 1978
1702 1766 2856
1444 1390 2125
330 506 417
723 2483 1167
8 1831 2351
2256 2958 1817
1922 1512 2415
156 876 122
2701 1583 2260
952 172 1519
238 705 502
2314 2672 2416
2308 2747 1142
2067 2628 2588
1536 2257 2294
2686 2036 1956
1087 2959 2251
343 668 175
308 259 374
627 12 191
819 534 654
2519 1633 2003
1332 1757 1449
395 706 1708
573 467 2981
1603 1059 1509
2077 1335 2736
1346 2455 2965
1041 1217 1694
1409 1875 1438
547 516 94
1653 1064 2040
2891 1949 2675
55 1412 1001
1232 1211 2782
225 1856 1872
667 550 1924
2630 1003 2327
1582 2253 1219
570 817 253
137 517 537
724 1311 2284
580 388 1194
356 2398 2143
468 2466 2441
370 420 2274
637 1294 1376
2191 1191 1110
1999 1753 1979
479 1749 2107
541 304 753
360 690 2311
2586 2678 2787
134 1640 2035
32 896 233
2882 1886 1557
1139 1867 1724
107 1197 2602
2296 2334 2673
1887 2462 2954
1400 1556 1472
446 346 13
1284 1553 1655
2085 1366 2813
679 1478 2920
2380 1011 2612
1891 1826 2834
2349 2407 2928
1986 2552 2115
504 1968 2433
311 27 543
1 1 1 1 1 1 1 1 1 1 1 1 1 1 1 1 1 1 1 1 1 1 1 1 1 1 1 1 1 1 1 1 1 1 1 1 1 1 1 1 1 1 1 1 1 1 1 1 1 1 1 1 1 1 1 1 1 1 1 1 1 1 1 1 1 1 1 1 1 1 1 1 1 1 1 1 1 1 1 1 1 1 1 1 1 1 1 1 1 1 1 1 1 1 1 1 1 1 1 1 1 1 1 1 1 1 1 1 1 1 1 1 1 1 1 1 1 1 1 1 1 1 1 1 1 1 1 1 1 1 1 1 1 1 1 1 1 1 1 1 1 1 1 1 1 1 1 1 1 1 1 1 1 1 1 1 1 1 1 1 1 1 1 1 1 1 1 1 1 1 1 1 1 1 1 1 1 1 1 1 1 1 1 1 1 1 1 1 1 1 1 1 1 1 1 1 1 1 1 1 1 1 1 1 1 1 1 1 1 1 1 1 1 1 1 1 1 1 1 1 1 1 1 1 1 1 1 1 1 1 1 1 1 1 1 1 1 1 1 1 1 1 1 1 1 1 1 1 1 1 1 1 1 1 1 1 1 1 1 1 1 1 1 1 1 1 1 1 1 1 1 1 1 1 1 1 1 1 1 1 1 1 1 1 1 1 1 1 1 1 1 1 1 1 1 1 1 1 1 1 1 1 1 1 1 1 1 1 1 1 1 1 1 1 1 1 1 1 1 1 1 1 1 1 1 1 1 1 1 1 1 1 1 1 1 1 1 1 1 1 1 1 1 1 1 1 1 1 1 1 1 1 1 1 1 1 1 1 1 1 1 1 1 1 1 1 1 1 1 1 1 1 1 1 1 1 1 1 1 1 1 1 1 1 1 1 1 1 1 1 1 1 1 1 1 1 1 1 1 1 1 1 1 1 1 1 1 1 1 1 1 1 1 1 1 1 1 1 1 1 1 1 1 1 1 1 1 1 1 1 1 1 1 1 1 1 1 1 1 1 1 1 1 1 1 1 1 1 1 1 1 1 1 1 1 1 1 1 1 1 1 1 1 1 1 1 1 1 1 1 1 1 1 1 1 1 1 1 1 1 1 1 1 1 1 1 1 1 1 1 1 1 1 1 1 1 1 1 1 1 1 1 1 1 1 1 1 1 1 1 1 1 1 1 1 1 1 1 1 1 1 1 1 1 1 1 1 1 1 1 1 1 1 1 1 1 1 1 1 1 1 1 1 1 1 1 1 1 1 1 1 1 1 1 1 1 1 1 1 1 1 1 1 1 1 1 1 1 1 1 1 1 1 1 1 1 1 1 1 1 1 1 1 1 1 1 1 1 1 1 1 1 1 1 1 1 1 1 1 1 1 1 1 1 1 1 1 1 1 1 1 1 1 1 1 1 1 1 1 1 1 1 1 1 1 1 1 1 1 1 1 1 1 1 1 1 1 1 1 1 1 1 1 1 1 1 1 1 1 1 1 1 1 1 1 1 1 1 1 1 1 1 1 1 1 1 1 1 1 1 1 1 1 1 1 1 1 1 1 1 1 1 1 1 1 1 1 1 1 1 1 1 1 1 1 1 1 1 1 1 1 1 1 1 1 1 1 1 1 1 1 1 1 1 1 1 1 1 1 1 1 1 1 1 1 1 1 1 1 1 1 1 1 1 1 1 1 1 1 1 1 1 1 1 1 1 1 1 1 1 1 1 1 1 1 1 1 1 1 1 1 1 1 1 1 1 1 1 1 1 1 1 1 1 1 1 1 1 1 1 1 1 1 1 1 1 1 1 1 1 1 1 1 1 1 1 1 1 1 1 1 1 1 1 1 1 1 1 1 1 1 1 1 1 1 1 1 1 1 1 1 1 1 1 1 1 1 1 1 1 1 1 1 1 1 1 1 1 1 1 1 1 1 1 1 1 1 1 1 1 1 1 1 1 1 1 1 1 1 1 1 1 1 1 1 1 1 1 1 1 1 1 1 1 1 1 1 1 1 1 1 1 1 1 1 1 1 1 1 1 1 1 1 1 1 1 1 1 1 1 1 1 1 1 1 1 1 1 1 1 1 1 1 1 1 1 1 1 1 1 1 1 1 1 1 1 1 1 1 1 1 1 1 1 1 1 1 1 1 1 1 1 1 1 1 1 1 1 1 1 1 1 1 1 1 1 1 1 1 1 1 1 1 1 1 1 1 1 1 1 1 1 1 1 1 1 1 1 1 1 1 1 1 1 1 1 1 1 1 1 1 1 1 1 1 1 1 1 1 1 1 1 1 1 1 1 1 1 1 1 1 1 1 1 1 1 1 1 1 1 1 1 1 1 1 1 1 1 1 1 1 1 1 1 1 1 1 1 1 1 1 1 1 1 1 1 1 1 1 1 1 1 1 1 1 1 1 1 1 1 1 1 1 1 1 1 1 1 1 1 1 1 1 1 1 1 1 1 1 1 1 1 1 1 1 1 1 1 1 1 1 1 1 1 1 1 1 1 1 1 1 1 1 1 1 1 1 1 1 1 1 1 1 1 1 1 1 1 1 1 1 1 1 1 1 1 1 1 1 1 1 1 1 1 1 1 1 1 1 1 1 1 1 1 1 1 1 1 1 1 1 1 1 1 1 1 1 1 1 1 1 1 1 1 1 1 1 1 1 1 1 1 1 1 1 1 1 1 1 1 1 1 1 1 1 1 1 1 1 1 1 1 1 1 1 1 1 1 1 1 1 1 1 1 1 1 1 1 1 1 1 1 1 1 1 1 1 1 1 1 1 1 1 1 1 1 1 1 1 1 1 1 1 1 1 1 1 1 1 1 1 1 1 1 1 1 1 1 1 1 1 1 1 1 1 1 1 1 1 1 1 1 1 1 1 1 1 1 1 1 1 1 1 1 1 1 1 1 1 1 1 1 1 1 1 1 1 1 1 1 1 1 1 1 1 1 1 1 1 1 1 1 1 1 1 1 1 1 1 1 1 1 1 1 1 1 1 1 1 1 1 1 1 1 1 1 1 1 1 1 1 1 1 1 1 1 1 1 1 1 1 1 1 1 1 1 1 1 1 1 1 1 1 1 1 1 1 1 1 1 1 1 1 1 1 1 1 1 1 1 1 1 1 1 1 1 1 1 1 1 1 1 1 1 1 1 1 1 1 1 1 1 1 1 1 1 1 1 1 1 1 1 1 1 1 1 1 1 1 1 1 1 1 1 1 1 1 1 1 1 1 1 1 1 1 1 1 1 1 1 1 1 1 1 1 1 1 1 1 1 1 1 1 1 1 1 1 1 1 1 1 1 1 1 1 1 1 1 1 1 1 1 1 1 1 1 1 1 1 1 1 1 1 1 1 1 1 1 1 1 1 1 1 1 1 1 1 1 1 1 1 1 1 1 1 1 1 1 1 1 1 1 1 1 1 1 1 1 1 1 1 1 1 1 1 1 1 1 1 1 1 1 1 1 1 1 1 1 1 1 1 1 1 1 1 1 1 1 1 1 1 1 1 1 1 1 1 1 1 1 1 1 1 1 1 1 1 1 1 1 1 1 1 1 1 1 1 1 1 1 1 1 1 1 1 1 1 1 1 1 1 1 1 1 1 1 1 1 1 1 1 1 1 1 1 1 1 1 1 1 1 1 1 1 1 1 1 1 1 1 1 1 1 1 1 1 1 1 1 1 1 1 1 1 1 1 1 1 1 1 1 1 1 1 1 1 1 1 1 1 1 1 1 1 1 1 1 1 1 1 1 1 1 1 1 1 1 1 1 1 1 1 1 1 1 1 1 1 1 1 1 1 1 1 1 1 1 1 1 1 1 1 1 1 1 1 1 1 1 1 1 1 1 1 1 1 1 1 1 1 1 1 1 1 1 1 1 1 1 1 1 1 1 1 1 1 1 1 1 1 1 1 1 1 1 1 1 1 1 1 1 1 1 1 1 1 1 1 1 1 1 1 1 1 1 1 1 1 1 1 1 1 1 1 1 1 1 1 1 1 1 1 1 1 1 1 1 1 1 1 1 1 1 1 1 1 1 1 1 1 1 1 1 1 1 1 1 1 1 1 1 1 1 1 1 1 1 1 1 1 1 1 1 1 1 1 1 1 1 1 1 1 1 1 1 1 1 1 1 1 1 1 1 1 1 1 1 1 1 1 1 1 1 1 1 1 1 1 1 1 1 1 1 1 1 1 1 1 1 1 1 1 1 1 1 1 1 1 1 1 1 1 1 1 1 1 1 1 1 1 1 1 1 1 1 1 1 1 1 1 1 1 1 1 1 1 1 1 1 1 1 1 1 1 1 1 1 1 1 1 1 1 1 1 1 1 1 1 1 1 1 1 1 1 1 1 1 1 1 1 1 1 1 1 1 1 1 1 1 1 1 1 1 1 1 1 1 1 1 1 1 1 1 1 1 1 1 1 1 1 1 1 1 1 1 1 1 1 1 1 1 1 1 1 1 1 1 1 1 1 1 1 1 1 1 1 1 1 1 1 1 1 1 1 1 1 1 1 1 1 1 1 1 1 1 1 1 1 1 1 1
1000
1962
1407
1628
1895
1241
1442
1519
1142
1657
1380
1507
1951
1419
1301
1825
1781
1291
1183
1330
1087
1460
1410
1317
1978
1362
1390
1148
1394
1024
1571
1596
1049
1634
1709
1275
1755
1729
1871
1635
1076
1294
1199
1472
1396
1297
1543
1558
1605
1412
1145
1540
1341
1737
1044
1864
1389
1722
1161
1084
1847
1661
1611
1813
1253
1542
1358
1859
1190
1064
1239
1831
1449
1685
1986
1992
1038
1139
1065
1180
1624
1642
1120
1119
1440
1093
1344
1108
1613
1173
1438
1587
1279
1356
1991
1264
1801
1245
1157
1474
1103
1905
1753
1051
1881
1385
1878
1126
1667
1792
1171
1972
1588
1851
1333
1029
1502
1150
1570
1129
1536
1009
1263
1462
1028
1284
1287
1766
1968
1888
1828
1086
1528
1335
1101
1607
1203
1200
1067
1186
1176
1798
1822
1720
1386
1824
1557
1917
1714
1299
1911
1363
1058
1302
1039
1609
1621
1240
1192
1612
1691
1435
1056
1843
1889
1351
1063
1497
1106
1018
1068
1174
1398
1228
1700
1619
1615
1504
1021
1115
1757
1305
1977
1533
1860
1040
1013
1384
1958
1052
1765
1794
1574
1953
1625
1678
1272
1774
1348
1913
1309
1030
1584
1257
1254
1631
1537
1225
1277
1892
1372
1784
1054
1940
1220
1135
1970
1448
1273
1042
1304
1690
1334
1447
1191
1649
1552
1703
1928
1684
1906
1923
1505
1037
1286
1591
1604
1499
1342
1455
1682
1463
1338
1162
1252
1027
1562
1549
1564
1188
1821
1181
1262
1578
1573
1674
1032
1554
1383
1927
1937
1656
1194
1544
1896
1432
1312
1933
1839
1096
1359
1193
1486
1979
1147
1185
1061
1806
1465
1942
1414
1352
1425
1754
1899
1083
1883
1567
1392
1167
1355
1807
1908
1500
1597
1623
1925
1511
1345
1838
1858
1823
1337
1014
1789
1347
1457
1898
1576
1530
1834
1353
1175
1490
1696
1689
1988
1677
1955
1616
1482
1100
1208
1990
1946
1725
1833
1233
1910
1487
1663
1556
1715
1603
1681
1808
1350
1786
1320
1479
1371
1321
1154
1510
1812
1289
1702
1547
1866
1077
1243
1659
1779
1675
1382
1081
1399
1581
1453
1116
1053
1760
1411
1332
1999
1531
1967
1894
1022
1826
1149
1197
1771
1809
1708
1357
1874
1846
1506
1349
1127
1217
1524
1508
1854
1436
1418
1232
1793
1641
1583
1169
1841
1844
1741
1443
1130
1229
1777
1651
1008
1803
1134
1783
1816
1517
1282
1314
1112
1845
1209
1421
1814
1853
1298
1606
1408
1339
1882
1478
1698
1274
1015
1658
1599
1669
1124
1057
1118
1785
1749
1952
1640
1748
1420
1966
1592
1035
1671
1242
1856
1164
1250
1850
1234
1768
1723
1553
1313
1954
1025
1903
1550
1364
1005
1759
1602
1395
1652
1994
1819
1638
1019
1926
1034
1069
1401
1548
1311
1207
1598
1444
1427
1450
1730
1138
1098
1746
1513
1639
1003
1323
1727
1560
1422
1516
1509
1475
1062
1211
1872
1930
1849
1308
1707
1089
1618
1751
1066
1660
1732
1835
1464
1001
1590
1534
1202
1184
1159
1743
1868
1686
1551
1074
1318
1529
1608
1626
1916
1857
1388
1055
1370
1476
1002
1836
1710
1637
1791
1974
1739
1585
1316
1620
1178
1403
1331
1740
1221
1210
1668
1804
1897
1593
1869
1721
1491
1156
1964
1984
1271
1458
1728
1091
1459
1367
1327
1957
1088
1717
1354
1404
1110
1712
1852
1501
1830
1863
1601
1945
1072
1961
1446
1756
1931
1292
1901
1595
1423
1893
1303
1736
1179
1575
2000
1391
1280
1454
1283
1123
1374
1932
1778
1152
1998
1265
1842
1817
1187
1409
1514
1865
1105
1563
1189
1293
1094
1223
1636
1182
1426
1090
1969
1165
1745
1890
1614
1079
1237
1141
1742
1060
1041
1231
1773
1050
1885
1247
1172
1300
1259
1902
1982
1288
1445
1695
1158
1802
1650
1343
1541
1861
1867
1887
1377
1965
1481
1296
1546
1437
1466
1430
1416
1747
1315
1325
1996
1627
1653
1993
1011
1522
1877
1260
1439
1840
1523
1805
1891
1644
1131
1796
1360
1266
1023
1886
1480
1059
1734
1016
1080
1630
1424
1310
1572
1496
1769
1230
1452
1680
1249
1770
1402
1975
1144
1870
1107
1256
1493
1943
1477
1503
1713
1744
1306
1780
1470
1255
1810
1589
1236
1704
1473
1006
1545
1515
1429
1989
1201
1114
1365
1981
1532
1699
1361
1918
1468
1366
1258
1097
1073
1643
1566
1915
1451
1494
1146
1648
1397
1153
1393
1498
1561
1143
1368
1701
1322
1752
1665
1687
1215
1929
1963
1415
1875
1113
1983
1082
1085
1441
1378
1539
1270
1693
1538
1276
1373
1285
1319
1219
1683
1122
1565
1012
1070
1078
1170
1832
1914
1010
1329
1048
1941
1711
1485
1527
1645
1155
1776
1261
1020
1855
1206
1938
1469
1132
1369
1799
1959
1026
1071
1036
1117
1750
1336
1520
1787
1559
1196
1406
1705
1600
1724
1428
1767
1904
1815
1688
1075
1997
1956
1820
1762
1017
1007
1238
1973
1340
1934
1718
1121
1738
1666
1764
1960
1731
1775
1163
1733
1880
1555
1047
1719
1267
1483
1222
1043
1919
1980
1512
1326
1216
1909
1782
1790
1295
1251
1579
1935
1244
1848
1716
1431
1694
1213
1461
1676
1224
1111
1535
1772
1136
1205
1948
1413
1912
1646
1456
1212
1586
1417
1290
1281
1949
1795
1195
1137
1664
1829
1204
1971
1248
1827
1944
1227
1622
1104
1033
1662
1375
1568
1697
1800
1610
1950
1939
1818
1521
1379
1862
1920
1788
1995
1655
1109
1495
1405
1594
1837
1758
1346
1679
1811
1654
1095
1797
1471
1328
1004
1692
1433
1879
1907
1166
1947
1492
1046
1092
1168
1569
1884
1235
1577
1140
1632
1976
1031
1921
1922
1488
1633
1198
1278
1647
1133
1580
1467
1434
1400
1376
1226
1673
1924
1489
1873
1218
1151
1177
1160
1761
1214
1307
1324
1726
1763
1387
1518
1525
1617
1735
1246
1269
1526
1670
1381
1629
1268
1985
1672
1900
1125
1936
1484
1102
1706
1099
1987
1128
1045
1876
1582
