1000
766 1524 1152
2715 1756 1161
928 1008 2953
1408 1880 2695
1165 2894 1125
416 741 55
32 826 1322
872 295 2886
1002 1813 1158
2233 1498 2815
2818 1467 1836
2431 2019 2437
825 846 215
1944 2556 2827
1194 1268 2176
2072 1931 2819
2286 1886 1369
2136 1306 1573
1926 2243 1273
1933 1904 1740
2804 1274 2235
328 1909 1804
2836 1394 1920
2347 2667 1026
856 695 1690
1032 2640 1945
302 401 1303
998 1999 1177
1805 2362 1021
1240 1938 1581
544 733 858
997 833 977
126 112 2477
974 1614 1768
465 585 1093
1119 1567 1084
195 2639 1870
1997 2991 2177
29 1947 1631
114 2887 1890
186 2365 2322
284 393 1055
419 272 354
1142 2826 2163
2216 1723 2775
2372 1547 2638
2329 2652 1785
2705 1561 1874
2999 1923 2759
1250 2776 1114
452 1678 2835
819 1483 2917
1452 1414 2213
301 2403 2743
63 372 589
2702 1153 1463
1820 1898 1901
383 693 2839
1797 1729 2792
1283 1859 2357
2111 2881 1169
656 746 185
2586 2721 2713
639 1083 1809
305 599 2916
952 50 2603
1849 1231 1388
719 373 1744
537 828 1533
2114 1439 2236
498 899 2093
2239 2741 1701
509 2745 2964
1014 2185 2270
79 1281 2910
2288 1779 2434
916 542 1707
504 691 959
2799 1108 2125
569 224 1686
43 172 1867
2594 1642 1166
709 1227 1106
545 904 705
2608 2389 1361
906 525 488
399 152 1469
1738 2733 2518
361 2928 1769
2131 1316 2547
371 979 2423
2510 1833 1151
975 914 1023
1783 2271 2624
2079 1154 1232
219 266 2291
653 348 1185
102 197 2196
245 116 949
756 2923 2246
127 78 634
2825 2900 2382
1883 1160 2861
320 65 925
1643 1072 1869
609 484 2942
1202 1793 2201
98 2147 2535
1362 1481 1670
422 1509 2838
2306 2656 2022
364 788 148
2703 2407 1755
312 792 2915
2996 2659 1527
2709 1335 1839
384 1490 2850
159 702 2645
1816 2138 1167
759 207 643
2004 1058 1624
260 255 2360
751 1542 2413
942 1985 1195
89 231 386
2067 1632 1326
694 2299 2350
2706 1894 2013
2778 1638 2832
70 2548 2211
619 1141 1568
2398 2485 2042
836 820 1479
1060 2803 2003
2167 1338 2628
710 625 1457
1474 2374 1078
1180 2353 1501
368 121 1929
392 2572 1134
1583 1824 1765
505 95 2673
1364 2590 1176
2149 1386 2218
728 33 2026
2514 2462 1229
973 2587 2153
1168 2105 2945
874 273 2829
2545 2068 1935
1521 1290 2279
421 81 270
1215 1238 2714
84 462 664
1164 2453 2040
49 2144 1028
2739 2393 1582
457 1991 2406
778 662 296
2296 1025 1213
1146 2428 1265
1724 2722 2796
476 932 541
2452 1381 2344
522 876 200
14 1617 2872
559 1218 1104
650 811 26
897 188 1332
633 1757 2456
74 363 225
423 303 2830
1390 2579 2636
966 2748 1715
2995 2055 2588
1321 2444 1913
586 2944 1206
1743 1416 2718
1641 1538 1294
1868 2908 1048
933 463 762
48 659 936
1888 1105 1522
1965 2493 1357
2337 2932 1520
2017 1576 2086
1651 2158 1345
2666 1659 1534
375 531 2500
2071 2386 2546
553 1709 2292
427 845 94
2710 1147 1347
11 867 199
146 672 617
2440 1777 1451
211 2208 1304
2596 1762 2679
2873 1249 2650
2487 2520 2712
1454 2331 2864
475 451 772
824 955 493
24 538 86
1267 1493 2458
993 239 2363
576 466 588
931 2512 1285
830 891 447
2707 2653 2401
618 1508 1224
2663 2313 2037
626 429 118
673 1990 2260
47 951 581
2242 2874 2336
418 890 1443
776 1800 1351
170 779 2762
1348 2626 1253
143 2734 1065
2162 1337 2294
2961 1554 1209
1496 2771 2841
366 274 501
808 294 2727
755 265 1377
770 439 799
1269 1578 1703
2790 1932 2320
882 2370 1363
1444 2946 1844
2098 1445 1612
514 1862 2377
1770 1543 1682
669 2821 2880
2304 2912 2539
794 179 1447
436 1823 2038
1619 1818 2994
2754 1407 2404
2700 1411 2248
133 720 2486
1291 2028 2517
1657 2258 2222
2170 2931 2209
240 1919 2340
2892 1425 2073
113 1487 1339
2866 1673 1068
2422 1847 2822
1117 2976 1365
707 895 801
519 530 937
2302 2132 1449
2021 2918 1803
190 714 2231
30 523 1952
1688 2930 2432
474 233 1902
1191 2627 2006
835 2317 2542
213 353 1714
603 1685 2737
204 2115 1529
889 793 2697
1174 2993 2811
164 2497 2186
739 596 1664
701 283 1204
976 601 2264
550 627 2089
2929 2256 2106
2848 1272 1302
1017 1958 1936
572 374 532
802 191 2425
2883 2181 2346
1500 1096 1838
715 2261 2083
2553 1044 1392
2973 1309 2633
646 208 950
1525 2537 1842
2955 2954 2921
477 174 556
853 492 154
2255 2307 2062
1100 1817 2263
92 275 2730
1532 1012 2716
689 1840 1464
426 2876 1440
700 674 1419
1009 1356 2769
1478 1647 2039
1004 2352 1540
896 435 754
2502 1598 1128
1402 1042 1230
367 2760 1891
749 45 758
40 37 671
1477 1993 1162
869 744 612
790 2782 2499
499 61 815
53 1318 1074
1216 2878 2303
2644 2956 1875
2940 1579 1528
1360 1626 1297
1733 1826 1569
926 969 2725
119 380 289
385 947 1519
2379 2851 2327
333 2708 2366
2048 1648 1621
533 238 254
281 2373 2801
2210 1260 1711
812 456 2906
548 996 3
621 706 162
297 2687 1471
7 783 338
923 990 524
122 732 613
282 740 2287
821 678 2571
806 918 1221
132 1288 2323
217 130 1389
564 1046 1553
490 1461 1620
736 2046 1536
2001 1972 1126
137 2573 1422
822 577 718
1556 1925 2199
852 2747 2614
222 1015 1341
804 2328 1406
1644 2280 2059
1663 1491 1796
971 2616 1279
2333 2770 2388
2968 1225 1220
192 1193 2959
638 1069 2583
651 894 726
690 2367 2854
860 968 785
1149 2116 1922
575 2053 1067
1580 1722 2516
319 73 1468
1455 2045 2549
2171 2501 2348
907 334 58
2284 1133 2182
2075 2120 1013
2027 2259 1794
722 582 873
248 329 2234
786 810 1855
1172 1118 1095
989 1831 1138
2424 2334 2056
2936 2855 1143
308 877 2178
2188 2694 2823
2189 2085 2766
970 940 1730
703 614 347
269 1330 1284
391 1127 1634
252 1395 2559
1881 1375 1298
1510 2554 1140
1716 2797 1781
259 299 134
881 2266 1570
52 27 1604
356 406 2007
2526 1861 1301
1979 1577 2215
1806 1485 2678
686 696 563
641 177 795
500 661 2380
2879 1003 2445
232 412 743
611 648 1145
193 526 2025
206 357 508
1982 2677 1053
597 1073 1170
485 2031 2752
521 594 730
590 789 2983
2087 2543 2474
1192 1882 2330
1308 2530 2460
277 243 1971
930 2238 1687
1475 2810 2738
1219 2528 2657
814 2319 1825
2717 1695 2926
161 712 1123
2084 1329 1384
675 676 1654
1774 1380 1459
390 774 253
1423 2857 1939
2478 2610 1113
2690 1305 2544
125 1400 1506
927 843 494
1660 1049 2402
1420 1077 1504
857 1586 2505
2475 2551 2963
2552 1038 1613
2232 2041 2107
2789 2744 1115
961 1499 1704
1649 2584 1020
1324 2184 1492
1236 2009 2509
411 552 2118
2020 1924 2392
503 687 309
246 1610 2794
1968 1201 2681
1247 1846 1427
358 96 1675
797 2664 1802
117 1605 1103
263 247 18
1041 2949 1450
911 17 2338
313 220 9
991 768 1766
632 71 1081
2960 1200 2674
2023 1056 2268
1550 1282 1665
1655 2224 1358
2763 2580 2905
124 19 2612
218 189 840
2212 2148 2859
2683 2443 1689
921 773 655
1150 1791 1413
1741 1107 1317
2123 2655 1829
402 2704 2658
2578 2971 2849
1996 1373 1156
377 607 1887
165 1606 1187
480 568 2097
606 579 352
8 2321 2536
2165 1336 1832
2228 1706 2451
1750 1808 1742
2904 2635 1434
2376 1241 1293
2207 2711 2308
2272 2016 2629
1998 2278 2412
658 2831 1885
2183 2012 2631
343 595 1275
2391 1208 2339
2159 2871 1399
442 711 516
1198 1681 2985
844 107 2100
360 1988 1863
1246 2318 1415
1618 1822 1734
470 428 175
1071 2225 2241
738 2160 1767
173 160 1607
331 286 1207
196 445 34
502 2206 1720
1745 2096 1535
2998 1311 2538
176 908 769
1331 2555 1807
847 441 280
77 400 628
123 2979 2151
600 1698 1517
2069 1758 2195
120 1088 2935
2798 2615 1436
2992 1934 2276
539 2058 1245
885 1821 2254
291 2332 2014
2524 1342 1672
2719 1296 1197
2472 2397 2290
888 2418 1916
330 110 166
300 251 483
1370 2845 2699
459 1080 2409
978 2082 2919
2761 1834 2814
2649 2383 1763
1488 1558 1596
1699 2641 2015
2750 2375 2029
1476 2351 1515
153 945 2399
2358 1680 2166
1848 1814 2447
2378 1005 2145
2757 2297 2742
1494 1600 2523
324 1828 2488
2651 1616 1787
680 2780 1184
315 917 276
2364 2668 2245
267 535 109
750 893 397
1129 1516 2155
1592 1159 1353
1000 1629 2217
2566 1212 1873
1930 2723 1857
1512 2168 2359
734 234 956
46 2496 1383
298 1896 1122
2446 1694 2647
23 156 2966
25 1251 1514
28 763 1264
290 142 150
1853 1261 1405
2691 2394 1057
394 64 22
407 1349 2977
229 155 12
495 809 2249
699 178 2128
489 829 1530
2646 2623 1205
408 1585 2982
2740 2736 2786
1262 1994 2816
748 666 496
716 1674 2088
2081 2618 1726
345 946 244
2047 2884 2914
920 511 816
1144 2686 2531
2911 1328 1257
2043 2670 1319
2595 1372 2143
1795 2355 2843
249 62 425
20 912 864
2837 1503 2619
181 871 2354
887 415 2684
2665 2221 2070
1594 1633 2693
2455 1899 1693
2074 1562 1917
1234 1964 1189
962 515 1507
1545 1323 2356
823 2728 2562
209 82 2688
980 2419 2753
1079 1222 1254
1007 2091 1718
764 144 972
2113 2951 1717
2498 2454 1591
311 44 781
1752 2237 1551
807 2076 2285
1344 1135 2899
60 450 1967
1391 1354 1593
1350 2080 1228
16 67 2680
2701 1214 2281
417 2507 2950
1992 1089 1186
359 2157 2808
99 129 2247
2574 2142 2806
861 605 566
1575 2784 2933
1710 1484 1109
2311 2172 1277
892 497 616
598 471 1928
1661 2490 2774
128 645 460
287 108 2852
1148 2632 1851
1061 2035 2214
468 2463 1001
1955 1458 1628
1237 2471 2978
953 865 314
753 139 909
901 2459 2669
602 2492 1949
1111 1615 2325
593 587 1811
469 349 105
2989 2193 2788
558 943 340
458 59 527
2558 1700 1314
444 2000 1889
472 72 1775
2283 2920 2601
880 1609 1435
318 534 2913
2032 2108 2061
507 69 604
629 306 83
725 941 827
988 549 1226
15 1786 2791
2648 1856 2110
2654 1780 1544
341 10 38
2802 1728 2897
565 2011 2129
668 235 478
2342 1962 2226
965 2522 2755
2987 2174 2173
1908 1601 2204
929 649 2298
2121 1835 2275
849 342 1035
1921 2540 2941
2018 2252 1595
2550 1792 1531
1472 1966 1022
2187 2592 2997
735 2621 2064
202 981 278
518 554 1559
798 1027 1650
1359 1190 2414
2250 1502 1537
2469 1037 2002
2662 1918 1040
2729 1692 2898
370 2262 1430
782 780 2219
1748 1098 2282
101 547 2513
2135 1980 1070
684 168 2974
261 2605 1841
1782 1270 1778
2598 2527 2793
1182 2557 1292
2643 2927 1179
35 652 688
922 884 491
1799 2010 2411
241 775 1094
2856 2504 2467
461 350 1747
2192 1403 1333
262 948 91
987 227 2877
2126 1905 2984
898 115 506
454 420 2785
448 2430 1378
832 2078 1995
2117 1112 2005
2099 1662 1393
2957 2560 2781
2660 1082 1029
2980 1801 1428
1725 2476 1702
963 1343 2197
1019 2735 1751
1090 1552 2396
2326 1397 1018
403 1367 1136
1199 1442 1852
1815 1239 1334
434 88 697
919 316 665
1059 1076 1429
2934 2066 1374
747 431 455
1893 2438 2585
346 1278 2489
339 2568 1460
1418 1075 1379
1983 1989 2611
1950 3000 2191
1906 2450 1764
2948 1327 1223
36 97 2986
717 854 859
631 2483 1183
2410 1731 2449
2591 2720 1560
131 737 635
727 2909 1760
1173 2164 2227
1571 1410 2310
1810 2622 2888
960 464 2368
624 1736 1914
5 76 803
90 512 279
1030 1555 2783
2198 1727 1276
2689 2620 2613
1382 1505 1977
513 2965 1798
1587 1973 2952
2726 2765 2865
1376 2421 1761
1942 2293 1903
1784 2295 1102
1124 2891 2194
2834 2426 2139
2975 1045 2024
724 2764 1352
1181 2969 2890
2541 2229 1313
141 2868 1307
2607 1062 1879
378 41 135
698 438 1735
326 2202 1120
1957 2436 2972
787 615 879
855 479 2244
396 520 561
1385 2439 1564
1719 2922 1099
761 467 2800
1256 2581 1110
307 473 87
1963 1299 2521
1721 2464 2812
1684 1340 2180
54 75 2
1588 1599 1033
1244 1495 2387
1310 1130 2152
796 1597 1827
2795 2044 2008
994 583 1790
1683 2870 2642
2190 2050 2625
2532 1401 1315
1486 1627 2570
1773 1639 2127
2901 1368 1864
336 214 1789
1024 1749 2305
1696 2967 1590
1086 1584 2102
1448 1676 1771
2981 1300 2990
2860 2077 1243
1837 2772 2030
1346 1959 1652
938 351 2519
536 557 163
1640 1252 2316
1054 1953 2465
362 56 183
2223 1409 1637
954 729 2314
167 2385 1431
1907 2844 2833
708 1175 2676
608 212 2384
2133 1884 2203
335 39 644
915 2441 1188
432 704 957
620 42 158
529 771 2442
1482 2749 1865
584 868 692
745 528 404
2101 1398 2433
68 323 66
1866 1091 2842
839 414 285
910 562 765
449 592 440
1860 2777 1280
157 288 2885
1546 1608 1432
2140 2481 1421
1266 2369 1259
1287 1900 1746
293 2630 2758
2779 2065 1539
221 205 2112
369 540 1196
637 169 1969
2309 1858 2828
902 379 268
424 640 1157
1526 1437 2324
389 1895 2470
242 1645 2051
2515 2846 2315
2405 2685 2491
878 848 388
482 742 1845
834 591 2767
6 999 642
2179 2746 2461
1404 1497 1006
875 670 398
1453 2269 1312
1572 1489 2343
985 681 304
866 2882 1574
2466 2104 1320
201 1462 1064
2809 1732 1940
571 31 2134
1705 1295 1426
337 100 983
630 1646 2033
2817 1927 2175
182 2508 1892
555 2988 1051
104 145 1937
939 986 1271
851 905 1636
1708 1465 2119
1371 1984 1470
757 667 405
992 210 2533
2525 1171 1946
2576 1737 2840
1788 1812 2875
1658 1956 1325
1671 1433 2732
147 387 258
964 842 2253
1248 1753 2637
1131 1776 1603
2141 1910 1178
767 924 838
2567 2057 2534
1666 2561 1915
446 1589 1623
2300 2604 1843
13 216 870
344 863 1691
136 2063 1872
2506 1121 1446
850 1139 1759
410 958 325
1438 2675 1712
1669 1563 2599
21 1557 2371
752 2251 1255
1630 1039 1677
777 900 111
883 636 430
203 677 1473
2787 2137 2416
841 1036 2468
4 2130 2893
944 1050 2479
1217 1622 1034
2958 2575 1513
886 1480 1656
2925 2847 1912
187 2896 3001
138 573 223
791 310 1163
140 2267 2257
317 2731 2156
365 2150 1976
2301 2341 1417
230 2962 1137
1087 2895 1263
2724 2395 2415
551 622 805
2696 2577 2049
903 1565 2429
682 57 543
250 2565 1878
2420 1897 2751
321 567 984
760 623 332
818 180 2862
2938 2122 2902
2480 1986 2146
2220 1235 2205
610 2820 2903
1016 1653 1101
2230 1754 2349
831 413 1679
322 1943 2563
837 580 2597
2661 2054 1951
171 228 2756
2090 2609 1387
2495 2092 2273
2094 1871 2582
2602 2907 2698
2671 1211 1066
2807 1396 1668
292 93 2408
2448 2682 2265
85 106 453
257 663 376
2970 1132 1625
198 256 443
679 570 149
2589 2634 1772
2060 2858 2345
813 2511 1047
1974 1233 2672
2768 2692 1830
1877 2564 2773
1289 2484 1203
2943 1518 1412
982 517 1978
784 862 713
264 271 1960
723 395 226
935 685 2473
2813 1541 1116
51 817 2161
657 2889 1043
1941 1052 1854
654 574 2052
2312 2335 1242
1611 1948 1667
2503 1602 2274
2937 2863 1635
1092 2109 2939
1010 1819 2529
355 151 2095
236 1961 1987
1697 2200 1511
487 2240 1031
2457 2381 1424
2494 1548 2361
2853 1097 1355
1523 1975 2154
967 560 237
2606 1441 2805
1850 2867 1911
2824 2034 2617
934 1876 1954
1981 2427 1566
194 481 2103
731 382 486
1085 1739 1466
721 660 1063
995 2169 2435
409 437 80
510 1970 2569
2869 2593 2924
2482 2036 1011
433 1713 1258
184 647 2947
578 1456 2400
327 2124 2289
1155 2417 1549
103 913 1286
800 683 1366
546 2600 1210
381 2390 2277
1 1 1 1 1 1 1 1 1 1 1 1 1 1 1 1 1 1 1 1 1 1 1 1 1 1 1 1 1 1 1 1 1 1 1 1 1 1 1 1 1 1 1 1 1 1 1 1 1 1 1 1 1 1 1 1 1 1 1 1 1 1 1 1 1 1 1 1 1 1 1 1 1 1 1 1 1 1 1 1 1 1 1 1 1 1 1 1 1 1 1 1 1 1 1 1 1 1 1 1 1 1 1 1 1 1 1 1 1 1 1 1 1 1 1 1 1 1 1 1 1 1 1 1 1 1 1 1 1 1 1 1 1 1 1 1 1 1 1 1 1 1 1 1 1 1 1 1 1 1 1 1 1 1 1 1 1 1 1 1 1 1 1 1 1 1 1 1 1 1 1 1 1 1 1 1 1 1 1 1 1 1 1 1 1 1 1 1 1 1 1 1 1 1 1 1 1 1 1 1 1 1 1 1 1 1 1 1 1 1 1 1 1 1 1 1 1 1 1 1 1 1 1 1 1 1 1 1 1 1 1 1 1 1 1 1 1 1 1 1 1 1 1 1 1 1 1 1 1 1 1 1 1 1 1 1 1 1 1 1 1 1 1 1 1 1 1 1 1 1 1 1 1 1 1 1 1 1 1 1 1 1 1 1 1 1 1 1 1 1 1 1 1 1 1 1 1 1 1 1 1 1 1 1 1 1 1 1 1 1 1 1 1 1 1 1 1 1 1 1 1 1 1 1 1 1 1 1 1 1 1 1 1 1 1 1 1 1 1 1 1 1 1 1 1 1 1 1 1 1 1 1 1 1 1 1 1 1 1 1 1 1 1 1 1 1 1 1 1 1 1 1 1 1 1 1 1 1 1 1 1 1 1 1 1 1 1 1 1 1 1 1 1 1 1 1 1 1 1 1 1 1 1 1 1 1 1 1 1 1 1 1 1 1 1 1 1 1 1 1 1 1 1 1 1 1 1 1 1 1 1 1 1 1 1 1 1 1 1 1 1 1 1 1 1 1 1 1 1 1 1 1 1 1 1 1 1 1 1 1 1 1 1 1 1 1 1 1 1 1 1 1 1 1 1 1 1 1 1 1 1 1 1 1 1 1 1 1 1 1 1 1 1 1 1 1 1 1 1 1 1 1 1 1 1 1 1 1 1 1 1 1 1 1 1 1 1 1 1 1 1 1 1 1 1 1 1 1 1 1 1 1 1 1 1 1 1 1 1 1 1 1 1 1 1 1 1 1 1 1 1 1 1 1 1 1 1 1 1 1 1 1 1 1 1 1 1 1 1 1 1 1 1 1 1 1 1 1 1 1 1 1 1 1 1 1 1 1 1 1 1 1 1 1 1 1 1 1 1 1 1 1 1 1 1 1 1 1 1 1 1 1 1 1 1 1 1 1 1 1 1 1 1 1 1 1 1 1 1 1 1 1 1 1 1 1 1 1 1 1 1 1 1 1 1 1 1 1 1 1 1 1 1 1 1 1 1 1 1 1 1 1 1 1 1 1 1 1 1 1 1 1 1 1 1 1 1 1 1 1 1 1 1 1 1 1 1 1 1 1 1 1 1 1 1 1 1 1 1 1 1 1 1 1 1 1 1 1 1 1 1 1 1 1 1 1 1 1 1 1 1 1 1 1 1 1 1 1 1 1 1 1 1 1 1 1 1 1 1 1 1 1 1 1 1 1 1 1 1 1 1 1 1 1 1 1 1 1 1 1 1 1 1 1 1 1 1 1 1 1 1 1 1 1 1 1 1 1 1 1 1 1 1 1 1 1 1 1 1 1 1 1 1 1 1 1 1 1 1 1 1 1 1 1 1 1 1 1 1 1 1 1 1 1 1 1 1 1 1 1 1 1 1 1 1 1 1 1 1 1 1 1 1 1 1 1 1 1 1 1 1 1 1 1 1 1 1 1 1 1 1 1 1 1 1 1 1 1 1 1 1 1 1 1 1 1 1 1 1 1 1 1 1 1 1 1 1 1 1 1 1 1 1 1 1 1 1 1 1 1 1 1 1 1 1 1 1 1 1 1 1 1 1 1 1 1 1 1 1 1 1 1 1 1 1 1 1 1 1 1 1 1 1 1 1 1 1 1 1 1 1 1 1 1 1 1 1 1 1 1 1 1 1 1 1 1 1 1 1 1 1 1 1 1 1 1 1 1 1 1 1 1 1 1 1 1 1 1 1 1 1 1 1 1 1 1 1 1 1 1 1 1 1 1 1 1 1 1 1 1 1 1 1 1 1 1 1 1 1 1 1 1 1 1 1 1 1 1 1 1 1 1 1 1 1 1 1 1 1 1 1 1 1 1 1 1 1 1 1 1 1 1 1 1 1 1 1 1 1 1 1 1 1 1 1 1 1 1 1 1 1 1 1 1 1 1 1 1 1 1 1 1 1 1 1 1 1 1 1 1 1 1 1 1 1 1 1 1 1 1 1 1 1 1 1 1 1 1 1 1 1 1 1 1 1 1 1 1 1 1 1 1 1 1 1 1 1 1 1 1 1 1 1 1 1 1 1 1 1 1 1 1 1 1 1 1 1 1 1 1 1 1 1 1 1 1 1 1 1 1 1 1 1 1 1 1 1 1 1 1 1 1 1 1 1 1 1 1 1 1 1 1 1 1 1 1 1 1 1 1 1 1 1 1 1 1 1 1 1 1 1 1 1 1 1 1 1 1 1 1 1 1 1 1 1 1 1 1 1 1 1 1 1 1 1 1 1 1 1 1 1 1 1 1 1 1 1 1 1 1 1 1 1 1 1 1 1 1 1 1 1 1 1 1 1 1 1 1 1 1 1 1 1 1 1 1 1 1 1 1 1 1 1 1 1 1 1 1 1 1 1 1 1 1 1 1 1 1 1 1 1 1 1 1 1 1 1 1 1 1 1 1 1 1 1 1 1 1 1 1 1 1 1 1 1 1 1 1 1 1 1 1 1 1 1 1 1 1 1 1 1 1 1 1 1 1 1 1 1 1 1 1 1 1 1 1 1 1 1 1 1 1 1 1 1 1 1 1 1 1 1 1 1 1 1 1 1 1 1 1 1 1 1 1 1 1 1 1 1 1 1 1 1 1 1 1 1 1 1 1 1 1 1 1 1 1 1 1 1 1 1 1 1 1 1 1 1 1 1 1 1 1 1 1 1 1 1 1 1 1 1 1 1 1 1 1 1 1 1 1 1 1 1 1 1 1 1 1 1 1 1 1 1 1 1 1 1 1 1 1 1 1 1 1 1 1 1 1 1 1 1 1 1 1 1 1 1 1 1 1 1 1 1 1 1 1 1 1 1 1 1 1 1 1 1 1 1 1 1 1 1 1 1 1 1 1 1 1 1 1 1 1 1 1 1 1 1 1 1 1 1 1 1 1 1 1 1 1 1 1 1 1 1 1 1 1 1 1 1 1 1 1 1 1 1 1 1 1 1 1 1 1 1 1 1 1 1 1 1 1 1 1 1 1 1 1 1 1 1 1 1 1 1 1 1 1 1 1 1 1 1 1 1 1 1 1 1 1 1 1 1 1 1 1 1 1 1 1 1 1 1 1 1 1 1 1 1 1 1 1 1 1 1 1 1 1 1 1 1 1 1 1 1 1 1 1 1 1 1 1 1 1 1 1 1 1 1 1 1 1 1 1 1 1 1 1 1 1 1 1 1 1 1 1 1 1 1 1 1 1 1 1 1 1 1 1 1 1 1 1 1 1 1 1 1 1 1 1 1 1 1 1 1 1 1 1 1 1 1 1 1 1 1 1 1 1 1 1 1 1 1 1 1 1 1 1 1 1 1 1 1 1 1 1 1 1 1 1 1 1 1 1 1 1 1 1 1 1 1 1 1 1 1 1 1 1 1 1 1 1 1 1 1 1 1 1 1 1 1 1 1 1 1 1 1 1 1 1 1 1 1 1 1 1 1 1 1 1 1 1 1 1 1 1 1 1 1 1 1 1 1 1 1 1 1 1 1 1 1 1 1 1 1 1 1 1 1 1 1 1 1 1 1 1 1 1 1 1 1 1 1 1 1 1 1 1 1 1 1 1 1 1 1 1 1 1 1 1 1 1 1 1 1 1 1 1 1 1 1 1 1 1 1 1 1 1 1 1 1 1 1 1 1 1 1 1 1 1 1 1 1 1 1 1 1 1 1 1 1 1 1 1 1 1 1 1 1 1 1 1 1 1 1 1 1 1 1 1 1 1 1 1 1 1 1 1 1 1 1 1 1 1 1 1 1 1 1 1 1 1 1 1 1 1 1 1 1 1 1 1 1 1 1 1 1 1 1 1 1 1 1 1 1 1 1 1 1 1 1 1 1 1 1 1 1 1 1 1 1 1 1 1 1 1 1 1 1 1 1 1 1 1 1 1 1 1 1 1 1 1 1 1 1 1 1 1 1 1 1 1 1 1 1 1 1 1 1 1 1 1 1 1 1 1 1 1 1 1 1 1 1 1 1 1 1 1 1 1 1 1 1 1 1 1 1 1 1 1 1 1 1 1 1 1 1 1 1 1 1 1 1
1000
1831
1204
1360
1690
1560
1977
1194
1646
1533
1235
1595
1430
1741
1305
1389
1393
1747
1794
1199
1345
1109
1213
1556
1717
1038
1718
1439
1175
1602
1459
1530
1832
1649
1925
1697
1198
1323
1812
1315
1799
1443
1488
1961
1817
1659
1357
1873
1381
1622
1287
1801
1074
1955
1529
1733
1130
1065
1631
1446
1868
1262
1110
1922
1259
1606
1354
1169
1867
1711
1241
1338
1027
1987
1274
1795
1693
1806
1317
1137
1167
1989
1106
1535
1956
1727
1112
1973
1716
1629
1231
1195
1685
1227
1298
1494
1758
1218
1732
1331
1271
1835
1025
1886
1564
1216
1916
1673
1662
1425
1400
1877
1350
1497
1879
1179
1997
1441
1669
1030
1657
1689
1876
1313
1874
1668
1708
1580
1220
1798
1911
1284
1081
1528
1154
1091
1211
1592
1627
1726
1594
1992
1468
1833
1197
1078
1921
1821
1730
1666
1010
1650
1090
1734
1016
1756
1516
1813
1366
1033
1713
1079
1900
1411
1763
1929
1850
1672
1335
1575
1986
1889
1596
1620
1115
1049
1447
1174
1111
1311
1999
1724
1063
1217
1893
1762
1822
1838
1267
1644
1435
1054
1515
1591
1661
1310
1641
1667
1077
1500
1378
1043
1626
1851
1654
1912
1288
1236
1946
1326
1778
1891
1757
1476
1513
1474
1251
1277
1683
1755
1810
1985
1930
1624
1882
1455
1740
1617
1210
1679
1960
1656
1257
1760
1570
1123
1023
1686
1940
1578
1840
1485
1252
1437
1962
1637
1036
1075
1092
1157
1037
1394
1950
1044
1945
1621
1248
1152
1352
1318
1695
1504
1653
1782
1126
1746
1193
1113
1283
1492
1569
1953
1769
1803
1444
1442
1057
1505
1932
1452
1295
1445
1949
1226
1151
1052
1883
1866
1965
1282
1392
1894
1707
1104
1979
1182
1895
1546
1590
1547
1297
1486
1824
1774
1268
1260
1097
1918
1496
1102
1290
1555
1372
1623
1035
1382
1189
1789
1759
1364
1954
1202
1551
1509
1881
1549
1040
1045
1432
1861
1947
1309
1651
1908
1558
1072
1066
1860
1566
1056
1901
1523
1508
1427
1340
1849
1482
1552
1146
1426
1454
1839
1902
1628
1483
1026
1610
1105
1853
1240
1699
1228
1797
1892
1729
1407
1371
1147
1790
1534
1681
1190
1017
1744
1749
1001
1249
1800
1836
1619
1070
1020
1807
1219
1276
1557
1128
1583
1952
1910
1540
1991
1143
1369
1373
1034
1630
1640
1464
1405
1588
1565
1971
1238
1680
1230
1417
1088
1899
1608
1684
1306
1856
1943
1487
1397
1294
1424
1451
1770
1200
1906
1414
1589
1939
1612
1388
1574
1330
1490
1563
1094
1320
1597
1600
1223
1909
1890
1525
1466
1351
1905
1163
1273
1359
1124
1907
1100
1805
1701
1633
1415
1639
1781
1029
1745
2000
1142
1958
1149
1862
1279
1477
1409
1852
1702
1475
1176
1263
1754
1021
1376
1663
1253
1433
1215
1419
1632
1404
1674
1524
1904
1131
1325
1292
1793
1974
1761
1225
1548
1582
1059
1809
1607
1158
1615
1173
1013
1924
1764
1032
1224
1208
1134
1581
1337
1165
1312
1554
1814
1843
1816
1994
1928
1854
1342
1519
1055
1302
1365
1098
1089
1114
1071
1367
1008
1969
1959
1383
1083
1256
1073
1028
1296
1609
1573
1395
1333
1087
1706
1768
1696
1051
1815
1019
1250
1286
1453
1084
1129
1022
1107
1192
1919
1406
1164
1645
1694
1244
1416
1599
1011
1738
1584
1522
1541
1802
1942
1614
1495
1728
1122
1579
1039
1005
1784
1984
1332
1346
1042
1875
1053
1545
1237
1983
1243
1792
1436
1691
1948
1261
1736
1300
1185
1914
1096
1704
1463
1537
1993
1493
1141
1429
1848
1108
1048
1479
1118
1168
1232
1751
1827
1710
1221
1347
1847
1440
1705
1944
1996
1396
1101
1926
1543
1136
1058
1481
1963
1506
1120
1155
1422
1402
1006
1140
1201
1061
1162
1269
1750
1752
1391
1995
1420
1731
1469
1511
1888
1002
1229
1127
1068
1878
1601
1568
1777
1722
1975
1390
1765
1245
1825
1196
1412
1103
1145
1047
1148
1301
1917
1255
1423
1247
1709
1278
1491
1858
1339
1280
1170
1467
1203
1703
1652
1634
1587
1845
1242
1473
1788
1677
1562
1804
1161
1936
1775
1604
1834
1869
1978
1779
1605
1968
1117
1135
1532
1031
1771
1865
1139
1844
1457
1319
1144
1386
1636
1527
1270
1931
1719
1377
1125
1967
1903
1336
1265
1456
1403
1191
1418
1322
1585
1133
1721
1181
1461
1438
1209
1796
1559
1281
1186
1363
1289
1593
1998
1160
1421
1870
1095
1460
1618
1586
1675
1791
1678
1698
1014
1082
1553
1577
1343
1723
1811
1976
1180
1688
1934
1972
1957
1353
1334
1880
1517
1935
1348
1787
1328
1567
1375
1291
1324
1431
1561
1307
1897
1156
1846
1498
1462
1664
1012
1980
1510
1982
1923
1538
1988
1501
1872
1638
1272
1767
1871
1212
1828
1093
1937
1773
1687
1611
1857
1842
1855
1046
1544
1153
1399
1275
1550
1480
1700
1470
1327
1885
1531
1648
1820
1258
1576
1166
1743
1121
1370
1024
1772
1748
1003
1007
1808
1780
1915
1507
1715
1692
1927
1665
1428
1303
1783
1374
1264
1067
1119
1823
1920
1786
1207
1766
1478
1329
1818
1050
1465
1448
1362
1308
1990
1379
1183
1742
1714
1299
1938
1449
1536
1598
1254
1539
1837
1069
1239
1408
1671
1896
1015
1178
1841
1085
1898
1887
1503
1385
1658
1613
1526
1521
1398
1410
1970
1285
1819
1076
1542
1184
1739
1368
1472
1321
1720
1009
1138
1401
1499
1572
1344
1450
1080
1222
1172
1316
1341
1413
1512
1826
1099
1150
1735
1132
1159
1682
1214
1660
1266
1635
1941
1514
1520
1380
1355
1293
1171
1246
1643
1434
1964
1502
1884
1725
1616
1712
1064
1018
1304
1829
1384
1776
1361
1349
1086
1642
1951
1655
1737
1785
1062
1233
1187
1933
1387
1205
1603
1358
1206
1625
1041
1314
1571
1864
1981
1647
1863
1489
1518
1458
1188
1859
1177
1913
1471
1356
1753
1004
1060
1966
1830
1484
1116
1234
1670
1676
