5 100
1 2 568
1 3 124
1 4 679
4 5 323
5 3 935
2 1 289
2 1 603
4 2 226
3 1 943
2 1 132
4 1 377
2 1 425
2 1 989
2 1 835
4 2 995
3 1 394
2 1 406
2 1 69
4 1 375
4 3 838
2 1 7
4 1 133
4 1 614
4 1 754
4 1 702
2 1 86
2 1 150
4 3 29
2 1 740
4 2 201
2 1 449
4 1 249
5 3 319
5 4 794
5 3 378
4 3 488
2 1 780
2 1 636
5 4 672
2 1 129
2 1 388
5 3 794
2 1 701
2 1 402
4 1 557
2 1 495
2 1 800
2 1 151
3 2 452
2 1 991
2 1 993
3 1 523
2 1 417
4 3 431
2 1 277
2 1 790
3 1 179
3 2 930
2 1 786
4 2 200
3 1 734
2 1 461
4 2 900
2 1 557
4 1 18
4 3 765
4 1 329
2 1 577
2 1 805
5 2 902
2 1 58
2 1 932
5 4 331
3 1 247
3 1 906
4 1 513
2 1 299
3 1 28
5 1 580
2 1 187
4 2 782
3 1 195
2 1 15
2 1 369
2 1 811
2 1 891
2 1 628
2 1 364
4 1 966
4 1 370
5 4 20
2 1 493
3 1 499
4 1 941
2 1 819
3 1 660
4 3 380
2 1 436
2 1 376
2 1 429
