100 1000
1 2
2 3
1 4
2 5
3 6
6 7
2 8
7 9
2 10
8 11
3 12
12 13
5 14
10 15
2 16
11 17
16 18
9 19
8 20
12 21
5 22
20 23
2 24
19 25
12 26
4 27
12 28
13 29
4 30
13 31
17 32
23 33
5 34
24 35
34 36
19 37
25 38
5 39
8 40
33 41
38 42
11 43
43 44
43 45
42 46
46 47
14 48
5 49
39 50
5 51
23 52
10 53
25 54
37 55
32 56
53 57
28 58
1 59
11 60
8 61
38 62
45 63
52 64
5 65
35 66
17 67
23 68
17 69
63 70
11 71
14 72
11 73
31 74
31 75
48 76
53 77
36 78
28 79
22 80
58 81
73 82
58 83
70 84
38 85
78 86
75 87
33 88
9 89
56 90
71 91
81 92
91 93
48 94
18 95
70 96
79 97
35 98
34 99
33 100
38 100
5 72
19 71
85 86
5 13
12 24
6 18
81 87
34 67
63 92
58 93
51 73
58 97
43 52
29 68
41 42
80 96
29 56
17 50
25 53
40 41
2 49
44 49
44 68
34 55
7 12
34 69
42 45
1 95
31 99
20 34
1 71
34 39
70 90
3 82
26 69
62 77
14 59
12 72
61 64
17 75
27 70
49 61
13 47
3 32
21 100
55 97
12 64
35 60
73 76
24 74
47 70
34 59
50 73
72 93
3 89
19 99
17 37
79 89
54 71
11 36
23 66
9 23
43 76
59 65
22 64
25 81
1 32
41 96
26 85
22 66
24 97
54 93
17 89
13 38
13 50
91 99
72 73
14 66
16 29
70 72
12 92
95 97
9 94
5 98
22 41
46 94
50 89
16 30
6 99
12 84
81 86
27 74
12 100
48 84
16 55
57 98
61 75
63 75
61 97
3 81
36 84
23 47
13 23
49 64
39 53
8 15
5 52
23 92
57 97
56 70
29 64
25 92
46 64
3 48
33 46
55 95
24 78
74 80
28 39
45 73
1 80
21 92
40 62
59 90
26 68
60 94
21 25
33 78
23 82
9 67
18 22
28 62
64 99
22 87
29 93
76 96
27 41
64 70
67 78
5 88
46 85
8 51
22 53
50 80
28 91
26 75
78 95
8 56
14 36
8 69
78 88
87 99
55 77
19 94
33 98
59 80
42 49
74 95
36 52
59 66
2 41
16 42
30 47
39 45
4 53
38 71
7 39
56 66
3 91
30 31
78 93
56 57
73 83
43 73
45 52
45 69
51 99
39 98
46 90
60 63
7 48
39 96
36 88
32 63
35 92
40 65
2 35
15 40
8 68
33 50
49 67
23 29
95 100
6 51
57 80
46 72
7 85
49 100
87 96
23 56
84 90
65 66
89 97
74 85
52 94
59 63
88 92
38 96
22 96
44 100
4 87
57 76
69 82
3 92
35 41
38 82
16 40
2 53
22 65
39 51
50 79
57 74
4 56
32 59
66 72
49 82
5 99
8 9
43 96
75 96
72 80
74 77
63 78
30 57
78 99
35 54
12 79
41 46
1 67
4 5
23 97
2 11
83 87
19 72
62 82
55 73
9 41
32 75
30 99
75 84
28 47
10 35
29 61
19 53
26 74
31 55
44 46
21 42
37 57
23 70
59 72
20 87
58 63
27 60
43 95
10 96
60 90
36 73
13 89
17 85
2 60
28 74
18 94
5 36
21 56
48 92
54 56
14 27
44 50
84 98
52 71
47 52
26 78
39 89
57 95
56 79
59 92
31 90
51 76
77 80
29 82
58 86
20 63
19 48
39 47
51 55
36 44
17 93
10 69
84 88
34 70
9 79
29 87
42 66
15 23
37 100
63 96
16 95
19 58
63 69
11 30
29 53
15 92
1 83
11 80
32 37
41 92
69 83
60 89
12 81
65 93
80 82
10 80
49 83
32 92
5 92
80 81
56 84
4 26
68 95
32 72
34 60
25 30
41 100
86 100
44 66
32 49
52 100
43 83
35 89
18 33
5 38
44 60
33 65
80 89
6 66
65 78
33 36
4 41
4 40
13 77
34 62
2 52
80 91
12 14
51 75
2 12
7 13
36 48
63 64
32 51
60 61
80 86
6 62
24 61
68 76
8 66
17 88
68 84
18 55
1 40
21 26
27 28
21 91
37 51
1 21
69 99
49 53
29 95
65 87
33 96
7 91
61 91
43 93
6 48
71 96
28 48
49 74
8 30
16 69
18 98
30 62
20 36
57 88
58 68
7 75
58 79
10 76
9 11
55 80
80 99
70 100
3 83
73 96
17 82
13 60
52 96
28 32
6 63
39 97
37 76
16 50
48 79
8 98
8 78
44 84
11 37
59 88
42 77
12 80
72 79
40 76
37 74
2 14
21 69
39 71
52 77
21 85
89 90
24 62
34 61
16 85
1 60
25 98
41 65
52 85
51 91
49 79
55 65
16 25
19 100
51 83
72 76
76 82
75 100
69 72
72 82
85 92
39 95
68 88
3 98
31 62
20 46
32 76
25 44
46 51
25 52
66 95
56 91
19 83
24 43
55 67
9 59
22 70
5 10
40 64
11 35
4 38
1 74
83 99
2 72
41 78
5 33
12 27
13 33
47 89
5 81
10 13
71 100
14 31
14 15
30 71
25 35
38 70
9 77
66 93
20 94
19 32
46 65
54 97
18 48
25 100
32 39
40 84
58 74
27 65
15 27
14 29
64 73
85 95
5 68
59 86
47 61
18 28
65 86
39 55
46 50
19 44
92 95
40 67
56 62
76 83
2 95
72 90
67 75
48 96
5 97
35 88
40 63
74 79
45 95
33 54
19 40
14 41
4 11
28 78
6 55
64 98
12 43
28 54
8 88
69 96
56 65
36 63
31 84
24 83
67 92
9 16
33 75
17 21
13 62
32 91
47 67
39 68
96 99
11 62
19 64
35 43
30 56
50 76
44 69
27 54
26 71
47 80
51 64
69 93
18 89
25 88
8 83
95 96
45 60
49 72
34 77
62 74
61 90
31 43
33 48
60 85
21 87
31 69
5 82
67 86
13 98
20 62
23 79
45 97
21 40
17 61
2 46
18 58
45 81
60 100
23 49
9 32
36 92
2 21
4 66
23 42
52 97
21 77
9 70
30 82
28 76
19 65
8 16
24 65
57 96
72 89
33 34
87 97
37 45
8 48
79 87
55 61
12 37
15 81
19 60
79 96
9 57
24 89
1 25
3 69
42 92
15 19
1 82
48 65
14 22
53 68
25 99
14 56
67 97
5 9
72 87
16 90
51 81
23 28
4 69
14 90
7 25
25 85
6 50
11 90
81 89
62 73
33 73
20 80
44 89
53 96
15 56
11 49
59 98
45 47
55 56
58 82
9 49
71 79
46 86
87 100
38 65
15 52
47 63
20 56
20 95
18 51
6 22
33 76
30 80
8 37
44 64
23 85
8 26
90 91
33 95
3 96
7 72
47 81
6 56
3 50
70 85
61 71
45 62
75 89
16 84
31 50
4 95
23 39
41 63
25 46
19 75
12 70
77 83
28 69
57 93
21 71
16 91
33 57
6 32
60 72
10 47
10 29
78 80
30 86
12 95
41 88
74 82
37 77
85 90
26 46
55 100
28 29
6 47
46 80
12 50
22 91
68 72
7 94
14 34
39 83
50 69
47 99
1 36
39 44
3 59
14 26
38 77
49 94
57 71
77 84
67 88
56 83
93 99
18 79
30 49
2 59
56 58
16 72
55 63
19 62
40 96
34 98
30 93
14 84
55 72
7 58
4 54
24 58
50 95
54 70
60 73
3 84
3 33
82 83
41 74
34 86
74 78
54 83
54 69
77 100
48 91
3 64
14 55
21 57
46 81
4 80
40 43
21 24
40 95
34 96
53 60
1 90
43 71
55 98
27 39
38 46
3 28
8 19
4 45
15 32
35 39
21 32
43 51
10 18
42 89
72 88
7 60
17 80
41 52
91 92
55 71
13 91
17 72
65 99
82 99
3 18
6 40
2 83
8 14
11 41
41 55
86 91
9 35
50 72
15 21
24 30
14 47
17 54
10 37
38 49
38 84
57 75
5 48
76 92
1 39
14 91
41 44
61 72
22 55
30 100
6 77
63 65
1 18
75 90
54 65
72 98
53 91
52 55
31 34
58 98
88 89
36 79
24 31
9 92
13 64
29 41
79 85
10 12
33 82
8 93
17 52
18 64
60 75
21 99
48 60
27 75
6 11
24 53
44 82
12 22
27 79
46 58
2 20
5 84
19 23
17 87
36 47
10 34
64 84
53 84
16 98
89 95
40 78
8 71
33 72
11 97
20 32
51 82
43 54
28 50
54 78
26 50
21 39
11 18
21 84
16 28
29 49
50 61
45 83
20 58
27 82
64 89
72 84
57 64
26 45
5 77
39 67
82 92
5 78
25 59
55 78
22 44
18 93
48 80
37 95
4 61
31 83
56 87
58 61
49 78
14 61
26 61
27 32
17 81
57 58
34 90
1 86
12 16
16 46
5 100
40 48
64 86
1 12 9
0 82 92
0 54 78
0 13 62
0 34 55
0 11 41
1 45 77
0 12 24
1 77 28
0 25 52
0 16 50
0 64 70
1 59 69
0 2 95
0 41 78
1 92 15
0 50 61
1 13 98
0 41 96
0 29 82
0 55 80
0 33 95
0 2 83
0 47 70
1 8 1
0 6 11
0 7 75
1 98 99
0 9 67
0 34 60
0 55 71
0 20 63
0 45 47
0 78 93
0 57 58
0 33 98
0 41 55
0 34 90
1 74 75
0 37 100
0 76 83
0 56 62
0 17 72
0 15 92
0 7 85
0 4 11
0 11 62
0 42 89
0 26 69
0 17 88
0 3 18
0 21 24
0 42 49
0 21 26
1 8 63
0 58 68
0 84 88
1 99 5
0 32 92
0 27 41
0 35 54
0 11 18
0 3 82
0 75 90
0 28 91
0 32 59
0 72 73
0 4 54
0 15 23
0 16 29
0 48 80
0 1 36
0 44 49
1 43 32
0 29 53
0 8 78
1 58 30
0 12 16
0 41 65
0 19 83
0 5 97
0 6 50
0 62 73
0 82 99
1 67 55
0 5 78
0 68 88
0 21 87
0 75 84
0 12 27
0 55 67
0 18 64
0 36 48
1 71 88
0 23 85
0 25 99
0 20 87
0 31 62
0 12 100
0 38 84
1 17 88
0 12 84
0 17 54
0 58 61
0 29 68
0 28 62
0 12 92
0 36 63
0 73 83
0 67 92
0 56 87
0 44 69
0 65 66
0 30 56
0 31 34
0 57 71
0 60 61
0 24 89
0 79 89
0 80 81
0 71 100
0 39 67
0 32 51
0 6 22
0 34 70
0 50 89
0 6 62
0 13 60
0 18 89
0 36 73
0 54 71
0 55 78
0 20 94
0 46 86
0 16 25
0 5 72
0 38 46
0 8 14
0 9 16
0 5 48
0 55 100
1 7 18
0 66 95
1 32 4
0 4 38
0 21 32
0 22 70
0 23 29
0 16 40
0 82 83
0 24 83
1 6 100
0 3 98
0 59 65
1 92 43
0 24 62
0 24 74
0 88 92
1 71 82
1 58 17
0 38 70
0 56 57
0 34 98
1 15 36
1 94 64
0 54 56
0 51 75
1 18 32
0 46 58
0 27 82
0 12 64
0 34 59
0 66 93
0 64 73
1 61 85
0 3 89
0 80 82
0 16 84
0 39 83
0 23 66
0 7 39
0 61 75
0 36 79
0 5 68
1 51 39
0 18 58
0 55 95
0 2 12
0 5 36
0 58 74
0 95 100
0 33 48
0 33 46
0 9 70
0 9 11
0 85 95
0 47 81
0 50 72
0 8 9
0 41 100
0 52 55
0 50 79
0 52 94
0 18 22
1 54 90
0 6 55
0 80 89
0 20 46
0 8 93
0 72 79
0 33 75
1 60 55
0 48 84
0 37 57
0 74 80
0 14 55
1 50 69
0 14 90
0 5 81
1 85 17
1 85 62
0 41 42
0 38 77
0 13 77
0 55 65
0 23 39
0 53 68
0 1 25
0 16 98
1 65 69
0 23 49
0 8 88
0 1 67
0 28 50
0 8 26
0 72 98
1 26 7
0 22 65
0 61 72
0 28 39
1 49 86
0 4 5
0 74 78
0 61 64
0 39 68
0 14 84
0 35 43
0 67 86
0 21 85
0 5 82
0 17 85
0 75 100
0 14 29
0 69 72
0 21 25
0 12 81
0 1 71
0 69 93
1 97 41
0 40 64
0 36 44
1 12 17
0 44 46
1 10 29
0 9 57
1 71 67
0 49 94
0 80 86
0 28 29
1 13 73
0 37 51
0 34 86
0 2 52
1 96 11
1 37 75
0 2 14
0 24 53
1 37 2
0 21 39
0 75 89
0 21 100
0 49 79
0 9 41
0 17 61
0 26 68
0 23 97
0 30 99
0 43 52
1 58 69
0 17 82
0 63 65
0 9 92
0 21 92
0 71 79
0 39 89
1 47 77
0 25 44
0 17 93
0 11 97
0 32 39
0 96 99
1 23 75
1 24 6
0 14 27
0 55 77
0 44 68
0 33 54
0 37 74
0 7 12
0 24 78
0 54 65
0 65 87
0 16 72
0 39 98
0 56 91
0 57 93
0 18 98
0 6 66
0 58 97
0 1 60
0 21 77
0 14 61
0 31 99
0 72 93
0 50 76
0 78 95
0 7 48
1 25 72
0 3 48
0 78 80
0 64 84
0 51 81
0 68 76
0 15 21
0 55 56
0 79 85
0 29 64
0 32 63
1 6 79
0 3 81
0 52 77
0 8 51
0 17 75
0 59 90
0 4 41
0 51 76
1 25 96
1 81 75
0 17 52
0 3 59
0 7 13
0 55 97
0 49 67
0 40 62
1 100 13
0 27 79
0 57 88
0 10 13
0 6 63
0 5 9
0 39 71
0 46 51
1 23 77
0 29 61
0 40 48
0 17 87
0 10 69
0 11 37
0 39 95
1 25 18
0 28 78
0 51 64
0 20 58
0 19 53
0 13 33
0 4 95
1 82 13
0 56 65
0 79 87
0 34 96
1 54 64
0 46 85
0 68 84
1 53 14
0 72 87
0 2 59
1 60 22
1 53 69
0 25 100
0 16 42
0 30 82
1 76 79
0 13 23
0 4 56
1 68 39
0 25 53
0 8 15
0 65 86
0 41 74
0 36 84
0 15 19
1 27 2
0 49 61
1 92 55
0 12 72
0 43 71
1 33 68
0 43 96
0 38 96
0 1 80
1 62 54
1 10 89
0 33 36
0 25 88
0 27 60
0 4 80
0 8 71
0 13 91
0 12 22
0 23 28
0 3 69
0 28 76
0 4 40
0 25 98
0 26 50
1 55 70
0 33 50
0 49 100
1 34 2
0 28 74
0 5 33
0 83 99
0 10 47
0 59 92
0 23 92
1 5 14
0 16 30
1 71 45
0 44 100
0 84 90
1 17 68
0 14 36
1 92 12
0 29 56
0 26 71
0 26 74
0 74 95
1 25 10
0 6 77
0 39 44
0 70 85
1 39 79
0 72 76
0 27 75
0 18 79
0 24 97
0 60 73
0 18 51
0 17 21
0 15 52
0 28 54
1 92 34
0 17 37
1 86 74
0 5 10
0 49 78
0 12 50
0 70 90
0 84 98
1 27 66
0 1 40
0 37 77
0 22 66
1 86 40
0 8 37
0 71 96
0 12 79
1 54 16
1 82 12
1 43 16
0 29 41
0 6 18
0 35 92
0 72 90
0 3 50
1 31 88
0 45 60
0 6 56
0 33 72
0 27 74
0 27 32
0 16 85
0 11 36
0 31 69
0 48 60
0 87 97
0 9 94
0 11 90
0 19 60
1 83 76
0 26 85
0 19 44
1 29 94
0 49 53
0 41 88
1 15 92
0 42 66
0 87 96
1 56 13
1 36 26
0 49 74
0 67 97
0 59 63
0 19 71
1 99 58
0 66 72
0 7 94
0 21 56
1 82 74
1 14 54
0 22 53
0 18 48
1 77 92
0 4 69
0 49 64
0 7 58
1 60 86
0 49 72
0 39 55
0 60 72
1 44 96
0 8 69
1 97 99
1 73 23
1 72 34
1 85 95
0 46 90
0 45 97
0 57 98
0 63 69
0 25 46
0 5 92
0 20 56
0 19 64
0 15 27
1 21 79
0 2 41
0 11 80
0 44 84
0 16 91
0 4 26
1 39 85
1 7 33
1 39 92
0 86 91
1 79 97
0 91 99
1 97 66
0 39 51
0 61 97
0 11 49
0 3 33
0 10 96
1 24 33
1 60 41
0 48 96
0 40 65
0 29 49
0 41 52
1 43 4
0 22 87
0 9 32
0 61 91
0 81 86
1 22 38
1 36 13
1 7 95
0 76 96
0 20 95
0 67 88
0 57 97
0 45 73
0 55 63
0 13 47
0 7 60
0 53 91
0 52 85
1 11 25
0 12 95
0 39 47
0 65 93
0 13 38
0 3 28
0 45 95
0 37 76
0 46 50
0 19 40
0 44 89
0 22 44
1 97 69
0 1 39
0 15 56
0 6 47
0 31 83
0 30 80
0 16 69
1 66 63
0 91 92
0 1 21
0 21 57
1 38 16
1 70 66
0 51 82
1 77 53
1 40 80
0 20 34
0 80 91
0 44 64
0 2 11
1 37 39
0 30 100
1 72 47
0 40 95
0 1 18
0 2 35
0 42 92
0 9 49
0 41 63
0 45 62
0 19 99
0 4 61
0 19 65
0 68 72
0 57 74
1 57 28
0 33 73
0 36 92
0 59 80
0 37 95
0 21 99
0 2 20
0 3 96
0 59 86
0 4 45
0 39 96
0 59 88
0 43 93
0 56 58
1 83 36
1 52 29
0 3 83
0 8 66
0 14 91
0 13 98
0 2 60
0 22 64
0 11 35
0 33 76
0 74 82
0 6 32
0 18 55
0 57 76
1 65 69
0 47 52
0 29 93
0 21 69
0 14 26
0 33 96
1 12 52
0 41 46
0 36 52
0 59 72
0 31 90
1 34 7
0 62 74
0 51 91
0 23 56
0 8 48
1 6 67
0 10 35
0 15 40
0 33 78
0 64 89
0 35 89
0 24 30
1 81 49
0 28 47
0 51 99
0 43 54
0 33 57
0 26 46
0 17 50
0 29 95
0 95 97
1 7 56
0 10 18
0 33 82
0 5 13
0 1 82
0 24 31
0 16 28
1 1 14
0 55 61
0 1 90
0 27 65
0 60 89
0 85 86
0 47 63
0 28 48
0 57 75
0 14 22
1 27 31
1 74 9
1 73 86
0 46 72
0 73 76
0 45 83
0 10 34
0 40 96
1 86 74
0 21 84
0 34 62
0 79 96
1 100 25
0 40 84
1 90 22
0 41 92
0 50 80
1 19 66
0 77 84
0 87 100
0 60 85
0 14 56
0 32 76
0 81 87
1 4 74
0 13 50
0 20 80
0 35 39
0 40 76
0 43 83
0 24 65
0 10 80
0 46 81
0 62 77
0 33 65
1 74 58
0 76 82
0 73 96
0 40 67
0 3 64
0 14 31
0 16 95
0 68 95
0 3 32
1 10 27
0 72 84
0 54 83
0 19 75
0 7 72
0 90 91
0 3 92
0 18 28
0 57 95
0 48 79
0 46 80
0 34 77
0 16 46
0 26 61
0 25 92
0 25 35
1 52 27
0 36 47
1 89 23
0 5 99
0 25 30
0 12 43
0 27 70
0 32 75
0 46 64
0 47 89
1 46 9
0 12 37
0 72 82
1 33 78
0 32 72
0 5 38
0 19 23
0 78 99
0 19 32
0 27 39
0 58 79
0 21 40
1 27 89
0 89 95
0 14 34
0 2 46
1 80 53
0 24 58
0 60 94
1 65 59
0 57 96
0 17 89
0 69 83
0 28 32
0 23 70
0 34 61
1 89 72
1 8 1
0 9 79
0 81 89
0 34 69
0 31 84
0 80 99
1 57 53
1 35 21
0 12 70
1 68 14
0 52 96
0 3 84
1 65 46
0 56 83
0 38 49
0 30 31
1 34 85
1 59 85
1 18 12
0 43 73
0 18 94
0 5 77
0 21 91
0 23 79
0 22 55
0 5 84
0 1 83
0 52 71
0 45 69
0 58 86
0 56 84
0 39 53
0 33 34
1 76 55
0 14 59
0 15 32
0 54 70
1 71 17
0 28 69
1 3 60
0 35 41
0 40 41
1 95 100
0 38 100
0 46 65
0 2 49
0 57 80
0 11 30
0 44 60
0 77 100
1 58 63
0 44 66
1 59 22
0 5 100
0 6 40
0 9 35
0 12 80
0 6 51
0 52 97
0 23 42
0 22 96
0 51 55
0 48 91
0 24 61
0 31 55
0 32 37
1 90 62
0 83 87
1 28 71
0 63 92
0 26 78
0 70 100
0 34 39
0 95 96
0 19 48
0 60 100
1 64 57
0 61 90
0 10 37
0 30 86
1 25 69
0 50 69
0 74 79
1 70 62
0 16 90
1 88 13
1 48 44
0 47 67
0 93 99
0 8 16
0 74 85
0 55 73
0 69 82
0 8 83
0 1 95
0 92 95
1 68 10
1 31 78
0 40 78
0 43 76
1 96 20
0 74 77
0 75 96
0 72 89
0 14 66
1 21 93
0 47 61
1 71 47
0 10 76
0 24 43
0 34 67
0 50 73
0 9 23
1 71 93
0 46 94
0 16 55
0 19 72
0 76 92
1 51 8
0 53 96
1 63 31
0 60 75
0 30 93
0 42 77
0 21 42
0 30 57
0 54 69
0 58 63
0 26 75
0 58 98
0 70 72
1 77 6
0 87 99
0 29 87
0 20 36
0 53 60
1 42 13
0 45 52
0 19 100
0 35 88
0 30 62
1 50 48
0 77 83
1 29 14
0 1 74
0 6 99
0 26 45
0 63 64
1 17 83
1 53 90
0 17 80
1 75 65
0 43 51
0 31 43
1 98 18
0 65 78
0 60 63
0 32 91
0 56 70
1 34 9
0 5 88
0 38 65
1 34 11
0 10 29
0 60 90
0 57 64
0 67 78
0 41 44
1 96 52
0 64 98
1 84 31
1 68 94
0 56 79
0 64 99
0 4 66
0 19 58
0 14 47
1 33 37
0 4 87
0 1 32
0 20 32
0 2 72
0 69 96
1 7 88
0 27 54
0 54 97
0 8 98
0 23 82
0 49 82
0 47 99
0 65 99
0 18 33
-1
