1
500 250
799 800 800 800
83 3
139 5
247 2
116 1
62 2
120 1
246 2
231 5
202 2
128 4
45 5
245 2
223 2
184 2
108 2
116 2
8 3
100 1
175 1
42 2
170 5
188 2
7 4
4 4
185 2
30 3
146 3
162 2
50 2
178 2
233 1
218 3
211 3
119 2
203 3
230 4
102 2
126 3
108 3
139 5
181 2
155 6
246 1
155 2
84 4
196 1
39 2
110 2
101 2
97 2
185 2
108 3
152 1
137 3
134 3
42 2
176 2
197 4
119 1
164 4
209 2
214 3
86 4
50 2
164 3
67 3
212 3
217 4
198 1
207 3
22 3
175 3
228 2
243 1
205 3
229 2
198 2
19 1
99 1
182 2
173 2
69 1
122 5
160 2
40 2
49 1
21 2
32 4
160 1
15 1
92 1
108 1
57 3
65 1
71 3
129 1
174 4
197 1
174 2
98 3
199 3
177 1
26 2
226 1
201 1
155 1
107 1
32 4
169 4
3 2
203 1
15 2
184 3
195 5
89 2
195 3
134 4
70 1
56 1
119 3
40 2
170 3
46 2
232 2
212 1
90 1
49 1
26 2
8 4
96 3
75 1
62 2
170 3
230 1
69 2
120 4
39 1
81 2
209 2
35 2
173 5
244 3
186 2
190 1
216 1
69 4
36 1
156 1
216 3
215 4
99 2
93 1
42 4
123 1
198 1
18 2
143 2
20 2
210 2
242 4
194 3
105 5
150 1
197 3
168 2
30 2
61 2
189 4
67 2
37 3
114 3
131 2
140 4
170 1
6 3
133 2
194 2
29 3
109 2
154 2
84 2
144 3
133 2
85 4
36 2
28 3
41 3
242 2
59 3
202 2
191 2
203 1
128 2
72 1
149 3
90 3
191 1
64 1
227 1
77 3
34 4
83 2
21 4
149 1
218 4
153 2
223 3
26 1
211 3
67 3
134 2
161 3
6 5
110 1
142 3
141 4
216 1
93 2
147 1
24 2
59 6
80 2
82 2
126 3
80 2
151 5
61 1
112 3
157 4
4 4
57 1
60 2
166 3
136 3
193 1
161 1
155 1
189 3
174 4
59 2
1 2
182 1
73 1
201 2
202 2
120 6
33 2
158 1
73 3
125 2
15 3
60 4
210 3
146 1
113 1
157 1
189 3
181 2
113 1
198 2
155 1
16 2
85 1
85 5
6 1
103 2
219 1
139 1
36 2
231 3
81 1
157 2
140 2
193 3
73 2
82 1
218 3
112 2
80 4
213 4
146 3
177 2
75 4
145 3
184 3
56 4
166 3
133 2
158 2
233 3
233 1
162 4
119 3
46 1
131 3
108 2
91 3
167 1
78 1
235 3
87 1
206 1
31 1
215 3
247 7
10 2
159 3
207 4
55 4
59 2
144 1
65 4
234 3
80 2
114 2
30 3
16 3
140 2
153 3
169 2
162 1
49 1
144 2
129 2
149 2
58 1
116 4
226 4
18 2
206 5
198 2
77 2
104 6
25 5
96 2
72 4
187 2
176 1
111 1
51 1
211 2
106 2
44 4
189 2
208 4
247 2
134 2
247 3
199 3
13 1
202 2
212 2
2 2
68 5
121 4
134 3
67 1
97 2
151 2
109 2
148 1
7 3
241 2
97 2
152 2
234 2
84 3
106 2
90 3
176 4
60 2
242 6
180 1
212 2
29 4
164 3
45 2
221 3
132 4
89 2
203 3
159 1
3 1
45 3
156 1
116 4
192 1
154 2
169 1
17 1
224 1
205 3
198 1
118 2
18 4
174 3
42 1
54 2
25 3
247 2
49 4
159 2
113 1
74 1
91 2
15 2
241 2
195 1
227 1
118 1
81 1
113 4
32 3
42 4
201 2
102 1
45 2
17 1
99 2
64 4
238 5
237 3
25 4
136 2
131 1
250 3
61 3
55 1
88 1
76 4
39 3
233 1
42 1
240 1
60 3
162 3
22 2
110 3
111 2
23 4
61 3
2 1
109 1
29 3
234 5
107 4
109 3
180 2
121 5
99 2
104 1
63 2
34 1
204 2
83 2
118 2
85 2
163 2
32 3
115 1
51 4
50 2
176 3
61 6
115 2
249 4
219 2
103 4
225 3
68 2
61 1
52 2
156 1
13 3
182 2
76 1
76 6
46 4
239 2
226 1
179 3
88 2
245 1
183 2
67 2
79 2
60 1
1 2
193 6
15 2
39 2
81 3
201 3
220 4
156 1
225 4
10 2
33 1
72 1
44 4
0
