1000 4000
1 2
1 3
1 4
4 5
2 6
4 7
1 8
8 9
2 10
4 11
5 12
12 13
13 14
10 15
12 16
13 17
10 18
18 19
12 20
16 21
13 22
19 23
20 24
16 25
25 26
26 27
20 28
23 29
27 30
26 31
25 32
24 33
29 34
26 35
33 36
30 37
29 38
35 39
32 40
36 41
41 42
40 43
42 44
36 45
41 46
42 47
44 48
40 49
41 50
42 51
45 52
44 53
45 54
47 55
48 56
55 57
56 58
55 59
50 60
60 61
56 62
59 63
57 64
56 65
62 66
63 67
60 68
59 69
67 70
65 71
71 72
70 73
67 74
71 75
72 76
72 77
68 78
77 79
74 80
77 81
78 82
76 83
75 84
76 85
82 86
82 87
82 88
87 89
82 90
90 91
88 92
92 93
90 94
85 95
86 96
89 97
92 98
95 99
95 100
100 101
94 102
100 103
96 104
96 105
100 106
104 107
105 108
103 109
108 110
106 111
102 112
111 113
104 114
114 115
109 116
110 117
113 118
114 119
110 120
115 121
113 122
121 123
120 124
121 125
118 126
118 127
122 128
119 129
121 130
130 131
130 132
130 133
131 134
134 135
128 136
128 137
132 138
137 139
137 140
132 141
138 142
138 143
137 144
142 145
140 146
145 147
142 148
148 149
146 150
149 151
149 152
144 153
153 154
146 155
155 156
155 157
152 158
158 159
156 160
159 161
155 162
155 163
157 164
163 165
162 166
162 167
160 168
165 169
161 170
169 171
171 172
163 173
164 174
174 175
170 176
173 177
172 178
169 179
179 180
173 181
177 182
175 183
180 184
180 185
181 186
183 187
179 188
182 189
185 190
181 191
190 192
189 193
187 194
187 195
186 196
188 197
191 198
196 199
197 200
197 201
200 202
195 203
199 204
201 205
201 206
201 207
203 208
200 209
200 210
203 211
205 212
209 213
209 214
206 215
214 216
214 217
212 218
210 219
214 220
213 221
212 222
218 223
219 224
220 225
220 226
222 227
218 228
222 229
228 230
227 231
223 232
227 233
224 234
230 235
226 236
227 237
228 238
234 239
236 240
238 241
239 242
239 243
234 244
238 245
236 246
242 247
245 248
239 249
249 250
249 251
247 252
245 253
250 254
246 255
252 256
254 257
249 258
250 259
259 260
257 261
255 262
254 263
259 264
259 265
256 266
263 267
261 268
259 269
265 270
266 271
268 272
271 273
267 274
267 275
275 276
267 277
276 278
274 279
270 280
276 281
281 282
282 283
282 284
277 285
285 286
285 287
284 288
280 289
282 290
281 291
282 292
289 293
290 294
286 295
291 296
290 297
295 298
295 299
297 300
300 301
298 302
297 303
299 304
300 305
298 306
302 307
301 308
304 309
307 310
303 311
305 312
310 313
309 314
310 315
311 316
314 317
313 318
316 319
319 320
314 321
321 322
316 323
318 324
316 325
321 326
324 327
327 328
324 329
324 330
330 331
331 332
332 333
325 334
327 335
329 336
335 337
335 338
329 339
334 340
334 341
338 342
339 343
334 344
336 345
345 346
337 347
341 348
339 349
340 350
345 351
343 352
347 353
353 354
346 355
350 356
347 357
355 358
358 359
355 360
352 361
354 362
361 363
359 364
355 365
360 366
363 367
367 368
362 369
365 370
363 371
368 372
364 373
373 374
369 375
370 376
370 377
371 378
377 379
375 380
380 381
376 382
380 383
382 384
384 385
378 386
378 387
383 388
386 389
388 390
385 391
390 392
392 393
390 394
386 395
391 396
395 397
391 398
397 399
395 400
395 401
400 402
395 403
394 404
396 405
403 406
404 407
404 408
403 409
405 410
404 411
410 412
408 413
404 414
414 415
412 416
407 417
409 418
411 419
419 420
416 421
412 422
421 423
420 424
424 425
423 426
419 427
425 428
422 429
420 430
425 431
426 432
429 433
429 434
433 435
430 436
427 437
432 438
429 439
436 440
433 441
436 442
434 443
434 444
437 445
438 446
445 447
439 448
439 449
441 450
450 451
442 452
443 453
444 454
451 455
447 456
451 457
448 458
450 459
459 460
457 461
456 462
453 463
455 464
456 465
456 466
465 467
459 468
460 469
468 470
467 471
471 472
472 473
467 474
470 475
473 476
468 477
471 478
469 479
474 480
478 481
481 482
479 483
476 484
479 485
481 486
484 487
486 488
481 489
485 490
485 491
489 492
492 493
489 494
490 495
490 496
495 497
494 498
495 499
492 500
494 501
496 502
501 503
500 504
496 505
500 506
503 507
502 508
502 509
500 510
507 511
502 512
512 513
504 514
513 515
515 516
511 517
511 518
510 519
510 520
516 521
514 522
521 523
517 524
518 525
517 526
517 527
523 528
519 529
522 530
525 531
529 532
527 533
526 534
528 535
534 536
532 537
528 538
531 539
530 540
532 541
535 542
535 543
535 544
535 545
538 546
543 547
538 548
540 549
542 550
549 551
546 552
549 553
544 554
550 555
555 556
549 557
548 558
549 559
557 560
552 561
552 562
562 563
555 564
564 565
560 566
557 567
561 568
567 569
563 570
570 571
562 572
563 573
564 574
572 575
572 576
574 577
570 578
576 579
570 580
572 581
579 582
579 583
581 584
579 585
576 586
579 587
581 588
587 589
587 590
585 591
582 592
588 593
591 594
589 595
586 596
593 597
589 598
590 599
598 600
593 601
596 602
594 603
596 604
597 605
605 606
606 607
601 608
599 609
608 610
610 611
604 612
603 613
610 614
609 615
613 616
610 617
609 618
611 619
615 620
612 621
618 622
621 623
618 624
615 625
618 626
620 627
621 628
627 629
626 630
623 631
629 632
627 633
628 634
628 635
632 636
627 637
631 638
638 639
637 640
640 641
632 642
636 643
637 644
643 645
636 646
646 647
638 648
642 649
642 650
645 651
649 652
652 653
646 654
647 655
653 656
656 657
657 658
658 659
653 660
654 661
652 662
661 663
657 664
663 665
656 666
662 667
666 668
663 669
661 670
662 671
663 672
663 673
669 674
671 675
675 676
672 677
676 678
674 679
670 680
674 681
673 682
675 683
676 684
677 685
676 686
682 687
685 688
686 689
684 690
683 691
686 692
684 693
691 694
694 695
695 696
688 697
690 698
698 699
694 700
695 701
693 702
693 703
696 704
699 705
703 706
700 707
699 708
702 709
708 710
701 711
703 712
711 713
707 714
710 715
713 716
710 717
716 718
709 719
717 720
720 721
716 722
717 723
718 724
717 725
724 726
723 727
722 728
727 729
721 730
727 731
725 732
727 733
733 734
728 735
730 736
727 737
735 738
736 739
730 740
733 741
737 742
736 743
740 744
736 745
742 746
741 747
741 748
748 749
743 750
743 751
746 752
747 753
744 754
750 755
749 756
748 757
753 758
752 759
754 760
751 761
756 762
754 763
754 764
756 765
763 766
765 767
766 768
763 769
761 770
767 771
768 772
763 773
773 774
771 775
774 776
770 777
774 778
774 779
771 780
772 781
772 782
776 783
775 784
778 785
784 786
785 787
782 788
786 789
782 790
783 791
791 792
791 793
788 794
787 795
791 796
796 797
793 798
789 799
793 800
799 801
801 802
798 803
795 804
800 805
804 806
802 807
802 808
805 809
801 810
801 811
806 812
806 813
809 814
807 815
811 816
807 817
811 818
814 819
819 820
812 821
816 822
817 823
817 824
819 825
820 826
821 827
826 828
824 829
820 830
829 831
822 832
824 833
830 834
831 835
835 836
835 837
835 838
834 839
833 840
840 841
837 842
835 843
835 844
838 845
841 846
839 847
847 848
839 849
847 850
843 851
849 852
847 853
845 854
849 855
851 856
848 857
850 858
852 859
858 860
859 861
856 862
860 863
862 864
863 865
857 866
864 867
867 868
862 869
869 870
863 871
869 872
869 873
872 874
874 875
873 876
868 877
870 878
874 879
878 880
873 881
878 882
880 883
883 884
875 885
879 886
884 887
884 888
887 889
885 890
887 891
887 892
892 893
891 894
887 895
895 896
888 897
892 898
890 899
893 900
900 901
897 902
901 903
898 904
904 905
897 906
899 907
898 908
906 909
909 910
903 911
906 912
912 913
909 914
914 915
907 916
913 917
914 918
914 919
912 920
911 921
921 922
914 923
914 924
918 925
925 926
924 927
926 928
919 929
929 930
929 931
926 932
927 933
928 934
927 935
926 936
933 937
930 938
938 939
935 940
935 941
937 942
938 943
938 944
936 945
938 946
940 947
943 948
942 949
945 950
944 951
944 952
946 953
948 954
946 955
953 956
949 957
952 958
949 959
955 960
952 961
959 962
956 963
963 964
958 965
961 966
963 967
967 968
959 969
964 970
961 971
971 972
966 973
967 974
973 975
968 976
969 977
972 978
976 979
972 980
976 981
972 982
974 983
975 984
975 985
978 986
986 987
987 988
980 989
983 990
986 991
987 992
988 993
984 994
985 995
989 996
994 997
993 998
997 999
995 1000
509 510
933 941
177 180
511 513
97 105
577 581
910 919
72 79
173 176
581 586
835 842
279 280
616 621
552 556
857 863
160 170
474 475
612 615
243 248
893 894
232 233
520 530
143 151
320 323
586 594
942 946
223 226
512 520
303 305
977 982
236 245
21 30
769 775
752 762
470 477
154 157
143 145
795 802
556 561
379 388
928 930
958 967
985 989
487 496
701 704
253 259
840 842
416 422
184 194
342 351
270 274
746 753
163 168
354 363
936 946
633 636
61 65
225 231
132 137
706 714
206 211
619 628
66 75
157 165
302 310
302 312
377 384
918 924
195 198
791 801
308 310
231 234
328 333
805 807
739 743
234 235
355 364
96 98
913 923
891 892
815 819
852 853
875 879
414 418
272 280
27 32
4 9
40 45
399 408
290 293
374 384
164 165
323 331
702 703
917 925
778 781
525 535
272 277
88 94
176 181
127 135
849 858
424 433
228 233
752 753
100 104
507 510
506 511
161 163
380 384
493 501
667 668
306 312
435 440
678 688
276 285
879 888
440 444
442 449
794 804
940 942
196 200
939 947
299 300
903 910
42 46
43 46
567 568
454 462
748 756
633 641
356 358
374 376
66 74
70 78
272 273
236 238
836 840
231 240
256 261
422 424
141 148
729 739
844 852
422 423
528 529
763 772
910 920
88 90
478 487
136 141
328 336
833 843
306 315
162 168
469 470
545 554
726 730
855 860
389 394
932 938
198 203
877 883
273 275
89 91
406 412
394 401
631 635
828 835
782 791
114 120
322 330
435 436
640 645
433 439
322 329
943 947
83 86
756 764
819 824
249 253
31 33
618 621
605 609
895 901
420 428
178 186
452 457
78 84
8 14
725 728
13 20
328 331
384 394
565 566
964 967
965 969
670 673
363 368
732 742
474 481
711 719
594 602
769 776
571 575
875 876
753 762
245 247
764 771
932 934
303 304
487 495
598 602
481 483
156 157
778 784
573 577
694 696
905 910
559 569
863 870
77 82
178 183
808 817
63 70
229 237
136 138
856 860
16 17
677 687
775 779
724 731
471 481
600 602
770 773
364 374
589 591
138 146
905 911
406 414
502 511
478 480
629 639
233 235
777 781
632 639
506 508
679 683
567 571
278 280
257 266
35 44
495 505
180 186
988 991
18 27
116 125
116 118
868 871
267 270
946 949
531 534
398 403
205 215
152 153
347 349
158 166
982 987
238 239
988 996
800 810
961 969
670 676
464 473
788 792
812 814
189 196
840 846
235 242
717 726
803 809
578 580
441 443
122 125
850 851
112 113
806 810
86 88
417 425
590 594
322 332
576 580
347 352
753 759
759 767
252 253
63 73
213 222
113 117
113 121
707 713
780 786
692 694
346 349
682 685
916 923
285 294
888 896
971 980
58 61
329 332
529 535
368 378
633 642
119 127
731 733
283 291
591 601
537 542
557 558
262 272
105 106
907 910
821 826
633 637
319 327
668 677
20 29
342 347
189 198
775 785
792 795
667 673
354 359
315 322
973 981
361 362
400 405
401 405
465 466
972 976
575 581
756 757
810 816
45 47
311 314
220 222
554 555
123 131
56 59
947 957
500 501
28 36
799 806
426 434
231 233
258 265
805 810
246 256
449 455
680 685
854 856
332 337
22 26
940 950
706 712
507 513
791 800
157 160
79 89
690 696
152 157
483 484
253 255
423 428
821 822
718 723
602 604
109 111
398 399
548 551
29 37
367 377
95 105
411 420
886 894
165 172
771 777
214 215
356 362
709 715
781 783
784 789
870 877
423 427
832 838
882 888
284 287
157 166
680 683
300 310
899 906
427 436
85 89
444 452
244 253
258 266
560 567
16 23
640 643
253 254
218 225
329 337
546 554
640 649
402 404
258 260
799 809
630 639
853 859
460 462
807 814
251 260
121 124
813 822
273 278
202 203
822 824
453 462
210 214
216 222
639 649
982 992
61 71
702 710
275 282
7 10
305 310
926 930
665 669
184 186
52 60
799 805
853 861
442 451
116 117
585 594
624 627
893 903
927 934
515 520
208 215
984 988
349 353
686 691
65 67
682 690
790 799
358 365
551 557
636 640
361 370
651 654
949 950
973 982
38 48
573 583
283 285
777 783
676 680
326 334
57 62
281 288
129 135
814 821
524 530
490 499
532 536
447 453
161 171
496 499
247 254
127 133
162 169
532 535
44 54
140 142
920 927
366 372
523 532
834 841
341 347
91 94
667 674
942 945
752 756
725 730
766 774
108 109
272 282
843 846
614 618
79 88
476 483
619 624
607 608
14 15
271 272
592 596
902 907
816 826
273 279
569 572
836 845
120 126
968 969
475 477
864 870
144 149
911 918
644 647
616 617
322 327
696 701
187 190
305 307
318 319
319 329
512 515
55 65
134 142
414 420
526 530
559 560
258 259
228 232
443 452
453 454
457 459
808 814
551 558
622 629
604 611
343 344
969 972
965 968
978 979
158 162
556 565
888 891
903 904
187 188
169 178
326 331
910 916
622 631
269 278
680 688
228 237
989 991
418 428
446 447
642 644
498 506
299 302
722 729
747 752
763 768
685 692
552 553
800 803
912 917
377 378
872 876
978 984
916 917
572 573
337 346
981 986
381 388
444 449
80 82
333 338
9 15
3 4
666 675
535 538
98 102
830 839
734 737
216 220
566 568
570 573
910 913
961 964
166 174
564 572
453 461
518 527
474 482
419 422
638 647
18 20
231 237
302 308
407 409
673 678
734 736
592 599
852 861
361 371
540 543
578 587
886 887
434 441
338 348
93 100
822 830
959 966
183 190
407 415
740 749
185 187
716 720
377 387
89 92
599 602
407 414
475 479
639 643
548 553
53 57
308 312
199 206
314 323
800 808
450 455
69 77
314 322
990 993
666 667
45 51
350 358
437 444
26 33
825 832
570 575
48 50
640 647
957 959
607 610
225 233
207 208
584 592
823 828
807 810
75 77
732 736
583 589
872 873
987 994
107 110
880 881
749 754
434 439
240 247
943 950
988 994
282 289
17 22
506 507
428 432
975 979
818 826
989 990
473 474
430 432
779 781
982 988
871 877
61 62
990 999
273 282
558 567
244 248
38 40
387 390
98 108
242 246
374 380
10 20
17 27
940 945
485 493
713 722
794 797
253 258
145 148
234 237
130 139
869 878
68 69
824 827
179 189
923 925
669 671
544 553
568 569
372 378
254 260
124 130
710 719
400 408
758 764
650 655
588 598
289 297
682 686
399 400
491 492
759 764
886 891
124 133
983 985
729 733
894 897
701 706
881 889
675 679
578 582
510 517
10 12
513 523
701 702
462 467
371 375
378 384
871 872
146 147
365 373
235 241
332 340
573 576
84 86
340 348
908 910
17 20
62 63
81 91
775 776
722 727
172 182
966 975
913 920
507 517
679 686
805 813
437 438
953 962
15 19
787 797
744 747
430 438
645 646
672 673
186 195
383 386
764 769
78 88
721 727
645 653
257 267
557 565
228 235
918 926
248 254
956 965
366 373
107 108
191 194
769 778
368 371
703 711
780 785
266 272
232 239
488 497
183 184
36 44
817 821
457 466
548 550
480 487
627 631
521 527
77 86
65 69
563 567
744 753
174 176
839 846
659 668
648 657
479 487
681 688
532 539
625 629
730 737
291 295
158 167
176 177
141 143
941 943
596 601
603 609
954 962
686 693
533 538
475 484
777 787
496 498
724 729
950 959
400 403
602 612
912 921
413 414
920 923
72 81
226 228
270 276
3 5
596 598
344 349
882 891
792 802
175 180
140 150
61 69
681 684
892 902
801 804
52 54
60 67
202 211
571 576
740 742
951 961
510 516
136 140
314 315
47 52
834 840
192 199
233 242
751 754
46 50
514 520
604 614
928 938
579 584
554 563
671 672
636 642
700 705
499 501
448 450
408 409
167 175
223 225
326 336
280 286
655 663
440 442
957 967
783 793
749 755
80 90
750 751
6 13
573 582
214 222
929 934
212 216
595 596
774 780
885 889
514 515
501 510
861 869
678 686
387 396
253 263
219 220
575 576
313 314
435 442
448 453
898 901
54 56
660 665
779 783
131 133
282 285
325 330
483 489
237 240
68 74
123 133
515 523
664 668
610 616
96 103
502 507
831 837
760 763
962 966
145 153
793 794
732 739
337 341
943 944
548 555
383 393
933 936
663 668
745 748
178 181
274 283
471 473
264 273
241 245
222 232
602 605
357 359
596 599
658 663
24 31
325 335
528 536
654 660
329 331
180 187
169 173
168 171
930 939
804 810
493 495
977 978
140 141
552 560
394 396
187 192
288 292
476 481
302 303
589 594
695 698
643 652
882 890
192 198
573 575
787 793
921 925
398 405
882 889
47 51
527 530
776 785
423 432
278 285
634 637
459 469
807 808
949 951
81 84
432 436
663 666
595 597
893 896
740 750
296 305
370 373
734 739
448 457
808 815
290 300
519 521
155 159
83 87
472 476
372 374
9 16
753 755
543 552
393 399
792 796
309 312
505 510
816 818
85 91
397 398
202 210
917 918
558 563
620 622
731 737
391 392
503 509
523 527
461 464
960 967
699 700
431 434
432 440
515 522
846 849
135 143
422 432
91 96
830 840
50 56
369 374
769 773
621 624
319 322
578 585
743 753
206 207
207 212
740 741
266 274
636 644
974 984
862 868
367 374
375 383
597 598
357 366
603 607
660 667
825 829
438 445
630 632
117 120
383 385
251 255
897 900
49 58
979 981
449 454
55 61
721 731
150 160
566 574
980 983
661 667
56 66
538 547
437 446
524 533
396 401
485 494
48 52
652 655
256 260
316 322
160 161
822 831
308 313
520 521
511 514
187 189
769 779
771 778
809 810
138 145
489 490
562 571
494 497
234 241
298 308
299 306
742 752
812 820
344 346
158 161
25 28
666 673
942 952
2 3
80 83
18 22
337 345
724 727
669 675
987 997
252 260
502 506
261 262
138 141
672 678
631 640
767 770
16 20
86 89
980 990
798 808
615 624
498 504
601 604
36 40
390 393
874 884
357 362
140 144
109 110
761 769
72 73
174 178
659 661
276 282
419 428
931 941
945 946
969 975
711 712
381 391
829 838
371 380
400 406
554 560
44 52
980 985
912 916
449 458
777 780
690 691
111 112
577 583
791 794
86 87
714 721
512 517
141 147
935 942
226 235
863 869
405 415
252 257
946 951
414 416
673 681
977 981
704 708
846 855
316 318
9 11
32 39
867 871
288 289
826 829
658 662
785 791
525 529
588 597
379 383
275 279
508 512
335 339
221 223
784 792
141 142
92 101
294 297
615 622
316 317
134 141
141 144
356 361
157 158
575 584
858 866
696 706
810 817
555 565
966 967
154 156
590 592
216 226
833 839
260 261
828 830
46 52
486 489
105 111
952 960
931 935
269 275
954 956
217 221
572 578
379 387
356 357
637 638
521 530
534 543
226 231
746 750
336 339
531 535
216 223
948 956
942 948
467 477
781 787
304 313
704 705
676 682
945 947
189 192
859 864
129 130
760 770
188 194
17 24
385 394
39 40
93 101
474 477
431 437
904 906
706 707
482 485
869 874
715 724
933 943
351 359
9 12
595 598
490 493
627 628
937 940
621 625
393 397
99 105
526 528
652 654
919 924
533 534
530 534
327 331
169 170
88 95
404 410
14 17
742 750
455 462
761 764
887 890
766 776
852 857
855 861
128 138
53 56
556 566
676 681
981 991
602 610
193 196
135 136
780 784
199 203
27 35
893 898
425 427
501 508
665 674
264 272
756 761
380 386
87 94
662 669
402 410
262 267
5 10
892 900
866 873
988 990
337 343
567 573
1 7
170 179
805 808
726 733
512 518
430 440
915 925
297 306
772 779
606 613
655 658
436 441
780 789
602 608
787 789
687 690
347 351
286 288
617 627
560 570
846 847
828 832
913 918
671 674
682 683
442 444
747 751
295 305
22 23
261 264
368 369
4 14
332 335
573 579
208 209
288 295
635 642
876 881
269 277
64 66
231 235
30 32
93 96
172 177
556 558
922 928
948 957
213 218
79 87
275 280
830 837
952 957
616 619
703 708
626 631
614 619
137 138
568 572
395 396
96 97
291 301
200 208
466 476
295 297
612 620
739 741
804 805
874 881
851 858
24 29
649 657
895 903
330 339
445 448
366 368
560 568
123 124
37 41
536 542
421 427
751 758
553 554
617 619
931 933
14 16
979 980
600 601
769 772
171 178
606 615
62 64
841 843
855 865
867 875
898 906
265 273
950 955
955 962
868 874
968 972
841 848
772 778
855 863
526 532
817 825
545 553
307 308
719 723
940 943
970 972
516 525
415 424
584 588
735 739
89 93
235 243
704 714
7 15
287 295
727 735
788 795
816 824
167 176
806 809
143 146
149 159
538 540
193 198
406 415
908 911
948 955
180 190
458 459
303 310
356 359
962 972
107 111
590 600
964 974
214 219
491 497
492 501
643 647
493 502
685 686
729 737
620 630
670 675
695 704
12 14
742 748
682 684
607 611
19 20
913 916
577 586
321 328
532 542
181 183
505 515
906 910
225 232
845 851
949 956
568 570
198 200
903 909
88 93
844 848
815 823
417 420
550 553
757 764
908 915
884 889
416 426
159 169
336 340
196 202
892 896
626 629
446 455
460 466
103 107
798 802
811 815
630 633
330 340
448 452
35 40
969 976
183 189
234 242
797 802
726 728
959 963
429 438
585 595
286 289
186 191
320 328
367 375
487 497
893 899
495 498
347 354
147 148
543 553
915 918
722 730
973 983
745 750
554 557
879 889
71 80
57 61
608 613
431 438
645 655
342 350
631 639
722 731
655 662
828 829
186 194
173 179
89 95
632 634
120 122
283 286
395 404
86 90
984 993
389 398
540 545
83 92
698 705
412 420
19 22
87 88
154 158
245 254
934 937
129 134
267 269
417 421
177 185
922 923
92 94
592 595
986 992
802 804
249 259
28 34
878 883
443 444
53 55
139 143
950 957
531 533
536 538
114 122
393 401
727 734
170 172
368 377
130 136
164 169
648 653
249 254
110 112
632 637
120 127
489 493
847 851
92 97
855 859
664 665
265 268
766 772
875 878
565 574
733 739
540 547
150 151
866 869
592 598
656 662
915 916
640 646
303 313
372 380
850 857
518 528
876 877
653 663
191 195
705 706
513 521
388 394
723 730
24 25
965 970
420 429
934 943
118 122
797 800
146 156
351 354
962 970
827 831
899 904
947 953
123 125
463 465
298 303
199 200
295 296
505 509
682 691
877 882
563 564
458 462
80 81
477 482
310 316
538 539
174 183
236 239
64 71
848 854
313 320
760 766
735 741
843 849
692 693
115 122
6 10
881 891
419 423
323 333
407 411
241 246
348 358
611 620
276 279
589 592
209 218
386 388
215 219
771 774
890 896
622 632
746 754
828 838
358 366
104 113
25 34
748 751
947 950
465 473
413 420
46 49
429 432
800 801
804 812
556 562
679 681
971 976
867 870
894 900
385 387
149 156
101 110
600 603
974 978
148 155
552 558
750 757
790 795
808 816
343 349
244 247
747 754
885 887
433 437
559 561
291 300
809 815
292 295
740 747
322 325
366 374
517 525
829 837
945 954
392 400
432 442
79 86
394 403
698 703
896 905
335 342
480 489
413 423
222 228
700 708
607 609
321 331
757 762
752 757
323 332
758 765
325 331
267 276
361 366
53 61
851 860
752 760
190 195
921 931
593 599
706 709
191 200
294 300
478 483
407 412
106 107
398 400
454 460
234 236
978 985
840 848
660 664
244 252
937 938
701 703
444 448
974 976
211 215
197 203
524 531
156 159
947 954
451 460
240 241
501 504
344 353
33 37
82 85
292 298
843 853
23 26
756 758
468 469
894 901
583 593
959 961
854 864
871 878
843 844
839 845
874 880
825 827
796 798
14 19
93 95
484 491
681 691
833 836
321 323
237 244
266 276
838 844
946 947
257 258
248 249
978 987
379 385
462 470
534 541
280 281
397 407
648 656
170 174
155 161
595 600
516 517
497 501
860 867
191 201
848 856
331 336
843 852
491 500
976 980
278 282
862 871
282 291
837 840
959 964
823 832
988 998
231 232
27 34
49 50
150 152
591 595
516 518
586 595
261 270
415 420
869 879
281 284
437 441
928 936
130 134
354 358
933 942
669 676
966 969
400 410
239 248
460 461
221 230
164 172
56 57
686 696
151 157
928 931
230 238
865 872
732 740
718 727
720 722
818 819
102 105
313 322
572 577
826 835
755 765
838 843
75 79
824 830
470 474
712 719
93 103
772 777
674 684
181 185
709 712
208 214
563 568
941 950
366 376
497 499
70 79
586 587
784 787
384 392
718 720
983 992
639 641
160 165
886 889
109 114
807 816
486 494
180 182
36 38
433 442
42 52
550 559
679 680
269 274
571 573
745 747
332 338
431 440
166 170
909 919
92 100
547 555
458 460
118 123
182 185
239 244
439 440
534 537
161 166
73 82
542 551
785 788
175 179
149 157
436 438
60 65
917 920
928 935
125 134
886 892
835 841
53 58
259 263
858 862
350 359
220 229
444 450
805 815
588 595
707 709
181 184
112 118
317 320
406 411
154 163
608 615
224 231
134 143
475 478
94 100
43 49
70 72
134 138
392 402
261 267
935 944
117 127
658 660
252 259
30 39
11 14
71 81
110 114
494 502
540 544
699 709
332 341
847 856
96 100
913 921
662 663
779 784
898 907
263 272
47 49
225 229
743 748
396 402
95 98
427 430
73 83
362 366
977 984
968 978
391 393
205 210
360 363
242 248
788 793
689 698
815 816
691 698
673 674
589 599
332 339
433 434
802 805
487 491
365 371
360 361
35 37
270 275
403 408
111 117
723 726
545 548
408 411
21 24
494 499
257 259
482 490
705 712
83 93
832 840
607 614
73 79
300 306
270 279
289 295
836 837
11 21
581 590
178 188
736 746
540 546
894 902
919 920
395 405
125 130
603 610
213 217
112 121
533 541
271 280
294 302
980 988
410 414
479 480
35 38
447 452
945 955
919 922
290 298
222 231
889 898
224 232
92 99
950 952
168 174
211 216
167 169
466 472
598 605
256 257
159 160
273 277
81 83
812 818
458 468
152 160
276 277
215 220
493 503
566 570
916 925
174 180
926 929
122 123
599 601
939 944
980 982
837 843
346 347
397 400
575 578
645 650
930 936
428 434
26 29
410 418
656 663
10 17
965 967
935 943
790 794
127 130
925 928
634 635
174 181
469 472
770 778
375 384
717 718
923 933
297 301
146 154
962 964
810 811
514 519
315 320
127 132
257 262
11 20
253 261
591 592
849 850
787 788
204 213
799 808
683 687
504 513
908 917
210 211
401 407
34 35
583 584
420 427
936 942
125 131
948 958
241 244
524 534
312 313
359 360
668 671
12 22
372 379
239 247
312 322
351 356
476 486
672 676
721 722
12 15
941 948
459 462
205 209
333 337
315 319
351 361
323 325
898 899
867 873
263 271
664 669
278 279
207 209
213 214
855 864
385 392
5 6
830 831
525 533
819 828
618 620
819 823
145 149
333 342
903 908
502 504
483 490
561 563
790 797
592 601
324 334
553 563
534 535
437 442
861 862
491 496
133 135
247 255
952 955
278 286
977 980
549 554
277 284
959 960
93 102
369 379
786 787
617 621
916 919
985 991
647 650
745 754
982 991
628 632
441 446
113 123
498 508
804 808
617 618
335 341
958 968
308 318
378 382
872 879
764 765
608 618
600 604
652 659
270 272
244 249
357 358
109 118
188 193
268 273
574 575
541 544
801 809
304 308
983 989
262 264
388 391
556 560
125 128
109 112
291 297
706 716
936 939
887 897
951 953
342 345
820 825
641 642
943 946
188 191
190 198
603 604
708 716
543 550
970 980
513 518
184 191
446 450
218 221
192 200
569 571
315 321
74 84
215 218
910 912
109 113
765 772
951 958
938 945
491 499
768 775
405 409
137 141
24 27
126 131
616 622
65 68
42 49
399 405
508 513
529 539
473 482
549 556
402 407
874 877
583 592
738 745
130 135
257 263
924 931
87 93
416 424
364 368
224 226
469 476
18 23
644 654
181 187
533 535
198 202
367 373
751 752
950 954
505 508
413 416
390 400
293 295
844 847
969 971
954 955
38 43
64 67
862 866
552 555
398 406
780 781
268 278
219 229
139 140
100 110
99 108
293 297
133 134
268 271
497 502
338 343
289 290
277 282
650 659
560 569
699 703
258 268
651 656
203 213
654 659
728 733
237 243
296 304
336 341
162 170
353 361
893 901
795 800
664 672
661 668
373 375
724 725
949 955
7 14
115 118
415 417
529 537
280 283
882 883
680 682
28 31
460 470
851 859
123 130
717 719
689 693
944 945
187 197
721 724
457 467
673 676
345 355
545 550
98 107
506 516
308 314
500 508
416 420
627 632
402 403
575 579
135 141
729 730
218 219
436 439
165 173
724 730
539 543
467 472
264 270
366 375
915 923
83 84
762 772
40 46
213 215
791 795
289 296
706 708
934 942
725 727
686 690
106 114
38 42
718 719
742 751
245 246
617 626
856 864
644 645
697 706
190 200
50 55
619 629
64 74
348 351
52 61
26 36
31 37
716 723
871 880
438 439
967 973
690 695
449 452
496 500
353 357
45 53
622 623
601 606
269 271
363 372
738 743
938 940
784 791
808 812
909 918
894 899
696 705
147 150
193 200
836 838
924 925
387 391
253 260
905 915
392 399
547 548
199 209
847 852
685 690
837 841
201 203
628 636
611 617
300 309
189 194
476 485
336 337
640 648
732 741
646 648
318 323
803 804
131 140
652 661
329 335
314 316
644 651
755 762
132 136
630 640
168 169
986 993
690 699
464 474
939 946
811 814
746 749
465 475
67 68
289 291
489 499
719 724
740 743
167 172
17 26
356 363
26 30
54 58
616 618
678 687
813 818
467 476
240 244
720 729
128 133
5 9
426 429
983 991
826 832
702 712
765 773
694 701
903 905
356 366
659 662
896 903
799 802
397 402
597 606
115 116
18 25
974 977
809 813
270 278
427 432
865 866
946 952
541 545
919 923
81 86
456 457
836 846
570 574
328 329
2 9
81 88
458 461
613 614
77 83
343 353
459 463
153 156
889 890
170 180
839 840
714 722
133 143
765 771
955 964
604 606
507 516
438 447
685 691
782 785
920 929
880 886
20 23
119 123
810 820
51 61
790 800
434 436
518 526
402 405
331 333
272 279
945 949
713 717
960 965
689 694
21 27
494 496
57 60
770 771
675 677
254 264
758 762
776 784
509 519
574 583
274 280
873 879
139 147
696 697
571 577
424 428
529 533
705 713
461 468
101 102
716 725
456 461
822 827
518 521
56 64
461 463
725 734
540 541
478 486
604 605
950 953
882 885
606 612
709 714
358 362
275 278
598 607
614 622
185 192
361 364
365 375
674 675
775 777
960 964
934 940
583 586
534 538
206 212
920 926
52 55
684 694
411 418
784 788
781 782
143 147
905 907
715 716
60 66
641 646
482 488
879 883
364 371
497 498
36 37
569 579
928 937
517 523
148 158
273 280
634 643
581 591
857 860
348 349
156 162
238 240
506 514
116 122
103 104
847 849
364 369
392 396
510 511
195 202
325 328
931 938
455 457
141 151
470 479
455 458
152 159
653 657
292 301
688 692
908 918
930 934
828 836
501 502
827 830
49 54
172 173
925 935
177 179
714 723
770 772
54 63
694 703
710 712
346 356
714 720
408 418
36 42
418 424
358 361
789 791
86 94
798 804
39 44
207 214
908 916
207 213
855 856
625 626
569 574
116 120
37 40
179 181
67 77
288 296
236 241
764 766
535 540
482 491
99 104
340 343
732 738
919 926
573 574
283 289
796 806
361 367
353 355
247 250
944 946
652 658
341 346
743 752
51 57
579 589
274 281
904 909
35 43
401 402
598 603
171 175
437 439
452 462
654 662
78 79
584 587
338 340
755 757
879 881
430 431
564 569
537 546
825 833
561 564
922 924
619 622
629 638
371 372
772 776
645 648
510 514
317 325
652 657
584 593
54 55
233 243
176 183
268 277
848 850
548 556
298 305
267 271
122 131
715 718
162 163
862 863
561 569
521 529
838 839
707 715
277 278
584 591
22 31
796 800
877 880
508 509
741 745
157 161
64 65
901 907
813 816
641 645
395 398
605 615
611 612
150 153
754 762
874 882
861 864
137 143
485 488
530 532
311 321
81 90
726 727
452 456
318 321
263 268
768 774
452 455
155 158
905 913
536 540
626 627
824 826
444 451
726 735
382 386
129 133
595 601
534 540
550 554
464 469
652 660
670 674
295 304
108 111
526 527
876 878
638 645
387 388
135 140
16 19
236 242
45 49
65 66
830 838
172 174
513 522
371 377
753 754
653 662
75 78
406 407
21 28
678 681
255 257
480 484
984 986
227 232
103 110
110 119
381 385
59 60
666 671
16 24
829 836
942 944
274 284
1 11
13 19
391 397
122 124
228 229
460 463
613 622
245 252
593 603
820 823
965 972
887 896
57 66
137 142
341 342
349 354
724 733
617 620
363 365
254 259
174 184
449 457
101 107
723 724
245 255
345 348
270 271
801 805
774 781
334 336
250 251
894 895
369 376
188 195
203 212
977 985
889 896
578 584
551 553
163 171
480 481
928 933
72 74
467 470
673 677
984 990
483 493
583 590
635 641
470 472
217 226
359 369
163 172
927 929
583 588
235 244
704 712
352 360
967 976
158 163
237 242
737 738
278 283
285 293
673 679
415 423
985 992
24 30
58 59
773 779
445 452
312 321
14 23
686 695
668 676
558 559
352 355
215 216
262 265
215 224
881 885
21 29
672 682
737 741
559 562
953 961
394 395
106 113
69 70
929 936
398 402
138 139
348 354
710 720
780 783
898 903
151 154
423 424
499 504
923 930
79 82
749 758
378 381
106 112
168 176
218 226
507 509
523 524
819 827
883 888
683 689
539 545
707 712
602 603
121 127
425 429
895 902
110 118
355 359
592 593
281 290
94 96
397 405
794 802
15 21
34 36
59 64
970 975
633 643
816 821
355 361
75 80
296 301
232 241
3 7
736 742
608 611
256 265
292 294
96 106
65 72
293 302
511 516
369 370
291 292
745 746
661 671
739 749
269 272
154 162
592 594
622 630
907 908
859 860
846 853
139 149
363 369
605 614
763 770
547 550
937 945
912 914
820 829
545 549
519 527
956 966
687 694
407 410
366 369
770 775
806 807
391 401
687 691
737 743
502 503
562 564
49 53
90 93
251 252
438 440
527 529
525 527
43 44
481 490
970 974
192 202
495 501
27 33
569 570
776 781
483 487
248 253
375 376
629 637
897 903
582 587
705 709
198 204
96 99
146 148
566 575
793 803
503 511
902 906
841 845
669 678
779 785
793 801
450 454
83 90
386 394
462 468
181 188
537 543
656 658
9 14
824 834
322 326
646 653
23 33
469 473
230 237
630 634
634 638
33 40
75 81
735 740
939 948
350 352
605 608
587 594
114 116
0 49 50
0 444 450
1 628 105
1 700 990
0 137 142
1 952 237
0 407 412
0 784 791
1 643 682
0 487 495
0 507 516
0 942 946
0 735 741
1 117 582
0 181 185
1 345 321
0 935 943
1 156 286
1 153 763
1 662 38
1 284 641
1 680 68
1 314 396
1 52 497
1 365 670
1 270 479
1 430 559
0 344 349
1 125 620
0 692 693
1 449 845
0 331 333
1 98 648
0 408 409
1 395 422
0 798 804
0 241 246
1 468 387
0 621 625
1 323 958
1 490 264
1 681 239
0 51 61
1 188 650
0 418 424
1 402 35
0 775 776
1 918 720
1 42 922
0 430 440
1 510 778
1 317 350
1 975 562
0 700 705
0 351 354
0 718 719
1 552 740
0 7 10
1 297 684
0 242 246
1 281 857
1 142 38
1 114 730
0 532 539
0 846 853
1 663 435
0 645 653
0 290 298
1 550 973
0 103 107
0 75 77
1 397 348
0 724 731
1 740 739
1 203 680
0 830 837
0 672 676
0 13 20
1 137 256
0 363 368
0 89 95
1 952 748
1 427 949
0 530 534
0 954 956
1 20 78
1 860 546
0 221 230
0 847 852
0 394 395
1 811 17
1 40 829
1 525 281
1 720 428
1 51 772
1 522 651
1 715 307
0 515 523
1 198 418
0 821 826
1 164 701
1 946 228
1 926 541
1 669 717
0 906 910
0 763 770
1 530 600
1 658 334
1 578 467
0 445 452
0 127 132
0 982 987
1 652 385
1 523 285
1 475 904
1 93 1000
0 361 371
0 810 811
0 731 737
1 412 893
0 793 801
0 505 510
1 868 504
0 245 254
0 581 586
1 643 774
1 832 86
1 743 793
1 267 271
0 630 639
1 604 62
0 24 31
1 196 128
1 994 428
0 843 852
1 803 532
1 367 345
1 892 832
1 645 97
1 326 463
0 234 236
1 136 856
0 332 340
0 608 611
1 699 926
0 801 805
0 856 860
0 740 742
0 804 810
1 123 198
1 871 375
1 262 754
1 98 793
0 77 86
1 416 483
1 986 665
0 865 872
1 292 128
1 184 786
1 77 312
1 314 625
0 905 910
0 864 870
1 455 278
0 778 781
0 192 198
0 718 720
0 798 802
1 861 189
0 588 597
0 824 826
0 518 521
1 454 66
1 215 578
1 463 352
1 520 984
1 150 527
1 603 779
1 37 881
1 995 895
0 474 482
0 228 233
1 887 286
1 886 795
1 351 775
0 830 839
0 245 246
0 192 199
0 425 427
0 261 270
0 458 462
1 201 320
1 895 78
0 678 686
0 539 545
1 522 153
0 393 401
1 878 286
1 588 597
1 752 830
1 521 491
0 438 440
0 615 622
1 383 214
1 304 177
0 569 570
1 502 962
0 281 284
0 83 92
1 431 836
0 196 200
1 719 893
1 636 293
0 253 254
1 623 329
0 728 733
0 368 369
1 726 86
1 567 809
0 323 332
1 521 767
0 738 743
1 3 249
0 129 134
1 849 273
0 372 380
1 508 644
0 336 337
0 550 553
1 295 178
1 357 352
1 825 512
1 957 131
1 294 758
1 173 676
1 264 250
1 114 475
1 233 254
0 909 918
0 583 586
0 266 276
1 470 551
0 581 590
0 862 866
1 922 240
0 851 858
1 718 749
0 252 259
1 598 792
0 398 405
0 984 993
0 224 232
1 866 433
1 771 121
0 460 463
1 947 507
1 614 374
0 326 336
1 56 8
1 232 24
1 301 648
1 598 289
0 871 872
1 773 628
0 162 168
1 139 603
0 195 198
1 531 609
1 804 525
1 411 996
0 809 815
1 429 756
1 863 536
0 153 156
0 347 352
1 926 467
0 602 605
1 616 104
1 159 765
1 425 363
0 119 127
1 439 977
0 388 394
0 590 594
1 967 940
1 475 823
0 881 891
0 922 923
1 684 269
0 957 959
1 465 527
0 847 849
0 152 159
0 600 603
0 948 955
1 893 266
0 75 80
1 635 590
1 306 301
0 722 730
0 604 614
0 357 358
1 707 189
1 229 61
1 182 453
0 235 241
1 386 889
1 125 986
0 881 889
0 524 533
0 65 67
0 787 793
1 840 186
1 702 233
1 803 817
1 607 520
1 192 215
1 372 727
1 195 277
1 986 997
0 958 967
0 267 276
0 908 910
1 180 681
1 711 277
1 428 69
0 397 400
1 575 346
1 165 528
1 760 490
0 96 98
0 533 538
0 758 765
1 39 49
0 262 272
1 907 309
0 311 314
0 483 493
1 454 116
0 772 779
0 291 295
0 861 862
0 163 172
1 369 643
0 792 796
1 39 593
0 770 772
0 319 327
1 150 798
0 908 917
1 583 832
1 881 494
1 962 249
1 797 673
1 74 971
1 491 427
0 294 297
1 547 268
1 903 832
0 256 261
0 156 157
1 127 554
0 167 172
0 833 839
0 721 731
1 852 640
1 405 627
0 135 143
1 573 402
0 449 454
0 349 354
0 393 397
0 652 660
1 539 770
1 303 784
0 506 516
0 917 925
1 189 63
0 823 832
0 479 480
1 519 719
0 497 499
0 46 49
0 890 896
0 145 153
0 113 121
1 710 925
1 252 830
1 433 756
0 93 96
1 839 669
0 589 599
1 640 589
0 434 441
1 827 782
1 775 496
1 792 18
0 348 351
1 963 991
0 102 105
0 75 81
0 498 504
0 28 34
1 997 510
0 340 348
0 398 402
0 205 210
1 33 157
0 89 92
0 174 180
1 370 325
1 676 575
1 981 94
1 125 575
1 330 646
0 524 530
0 416 422
0 413 414
1 888 524
1 440 924
1 78 927
1 201 3
1 803 59
0 14 15
0 877 880
1 439 858
0 601 606
0 983 989
1 33 877
1 965 641
1 578 392
1 999 739
1 179 276
0 574 575
0 616 622
0 931 941
0 270 278
0 902 907
1 933 80
0 640 648
0 652 655
1 445 533
0 117 120
1 339 894
0 653 657
0 605 614
1 629 674
1 802 637
1 594 745
0 49 54
0 389 394
1 644 933
1 708 774
1 856 160
0 870 877
1 336 242
0 292 301
0 478 486
1 880 408
1 44 616
0 427 432
0 947 954
1 60 315
1 978 241
0 851 859
0 939 947
0 874 877
0 187 197
0 137 143
0 241 244
0 289 296
0 774 780
0 299 302
0 807 814
1 439 223
0 768 775
1 911 6
1 310 621
0 602 604
0 37 41
1 908 15
1 229 713
0 527 529
0 659 661
0 507 513
1 567 333
0 682 690
1 435 292
1 978 357
0 236 238
0 539 543
1 176 615
0 491 499
1 445 308
0 923 925
1 621 224
0 494 499
1 655 439
0 665 669
1 132 424
1 930 625
0 124 130
1 72 265
1 788 517
1 517 160
0 77 82
0 980 988
0 826 832
0 372 378
0 213 222
1 251 574
1 256 615
1 646 302
1 826 716
1 943 300
0 620 630
1 380 667
1 324 707
1 725 154
1 375 46
1 319 561
0 114 120
1 253 277
1 663 331
0 962 966
0 162 169
0 45 47
1 613 114
0 506 514
1 32 103
0 61 69
0 958 968
1 491 830
0 169 178
1 927 503
0 658 662
1 116 218
1 470 409
0 296 305
1 262 12
0 407 409
1 757 1000
1 808 70
0 379 388
0 988 994
0 447 453
0 577 581
0 989 990
1 721 390
1 37 419
0 181 184
1 716 608
1 335 697
1 800 615
0 732 738
1 990 939
0 307 308
0 619 624
0 943 950
1 747 659
0 982 988
0 735 739
0 241 245
0 706 714
0 898 899
0 174 176
0 328 333
1 905 60
1 344 754
1 544 350
1 354 520
1 754 436
1 861 265
0 461 463
1 17 794
0 616 621
1 303 302
1 72 218
0 186 194
0 253 263
1 826 428
0 903 904
1 807 970
1 886 135
1 503 336
1 815 238
0 627 628
1 293 689
1 191 902
0 42 46
0 651 654
1 739 872
0 148 155
0 26 33
1 555 658
0 803 804
1 982 563
1 923 114
0 185 187
0 258 268
0 526 532
0 581 591
1 292 485
0 793 794
0 318 323
1 203 538
1 469 866
1 580 51
1 458 488
0 388 391
0 837 843
0 260 261
0 313 314
1 922 179
1 241 700
1 160 273
0 959 960
0 86 89
0 872 873
1 832 973
1 723 755
1 624 720
0 302 308
1 497 881
1 244 786
0 514 515
1 217 922
0 168 169
0 397 405
0 11 21
1 56 78
0 888 896
0 420 427
1 311 329
1 117 204
1 554 565
1 852 363
0 490 493
0 226 231
1 466 343
0 296 301
0 985 989
1 382 752
1 798 45
1 570 396
1 233 832
0 21 24
0 978 987
1 881 28
1 362 685
1 588 388
1 995 553
1 733 712
0 715 718
1 924 806
0 390 400
1 249 719
1 17 721
1 328 653
0 538 540
0 634 635
0 183 189
0 930 934
0 265 273
0 5 9
1 852 469
1 822 431
1 548 507
1 79 522
1 529 674
1 761 738
1 856 923
1 993 435
1 259 160
1 332 320
0 701 706
0 449 457
0 198 200
0 60 66
1 349 154
0 719 724
1 249 792
1 639 247
1 423 152
1 977 262
1 577 197
1 538 752
1 704 290
0 608 615
0 706 712
0 736 746
0 750 757
0 303 304
1 795 950
1 615 905
1 55 791
0 938 940
1 844 576
0 936 939
1 725 607
0 130 136
1 817 530
0 344 353
1 986 242
0 550 554
1 4 771
1 557 428
0 800 810
1 80 172
1 817 936
1 521 920
1 884 370
0 21 28
0 932 938
0 724 725
1 96 663
0 329 332
0 385 387
1 319 287
0 876 877
1 808 430
1 268 48
0 328 336
1 178 709
0 829 836
0 625 629
1 507 623
0 540 545
1 97 187
1 972 591
0 895 903
0 68 74
1 162 841
0 866 869
0 780 783
1 322 106
1 250 459
0 444 451
0 1 7
0 125 130
1 586 335
0 365 373
0 594 602
0 438 445
1 473 37
1 426 336
1 567 985
0 455 458
0 312 321
0 840 848
1 821 831
0 433 437
1 421 117
1 16 565
1 160 166
1 493 925
0 521 527
1 549 129
0 383 386
1 405 201
0 81 83
0 366 372
0 442 444
1 52 492
1 496 822
0 589 591
0 866 873
0 353 355
0 17 24
1 238 484
1 989 15
0 920 927
0 145 148
1 426 580
0 250 251
1 195 198
0 723 730
1 654 496
0 800 801
1 155 858
1 152 744
0 45 53
1 723 259
1 273 324
1 682 888
0 476 485
0 254 264
1 719 759
0 228 229
0 751 754
0 875 876
1 612 57
1 757 108
1 244 493
1 93 7
1 473 978
1 307 618
1 538 600
1 294 539
0 579 584
0 635 642
0 110 118
1 36 336
1 800 130
1 922 723
1 609 376
0 297 301
1 676 210
1 505 265
1 11 628
1 109 676
1 563 351
0 727 735
1 532 610
1 714 814
0 261 267
0 510 516
1 986 567
0 213 214
1 611 923
0 563 567
1 948 568
0 584 593
1 183 532
1 284 19
1 525 31
1 960 899
0 278 283
0 664 669
0 840 842
1 498 287
0 815 823
0 459 463
0 148 158
1 743 765
0 505 509
1 620 873
1 578 711
1 150 84
1 569 87
1 307 591
1 391 683
1 824 332
0 512 520
0 469 473
0 329 335
1 563 324
0 780 786
0 476 486
0 679 680
1 430 164
0 164 169
0 748 751
0 514 520
0 709 714
0 764 766
0 244 247
1 195 146
0 187 192
1 210 85
1 516 849
1 610 173
1 158 37
0 93 95
0 114 122
1 352 630
0 822 831
1 593 7
1 1 893
0 384 392
1 661 106
0 216 226
1 262 904
0 107 110
0 977 981
0 268 271
0 828 838
1 981 749
1 912 928
1 536 227
1 513 724
1 264 966
1 671 970
0 948 958
0 38 48
0 902 906
1 586 372
1 355 381
1 165 263
1 775 428
0 297 306
0 57 60
0 859 864
1 899 426
1 537 304
0 402 404
1 589 183
1 550 740
1 716 968
1 233 711
1 215 998
1 130 447
0 923 933
0 71 80
0 70 78
1 132 45
1 599 232
0 18 23
0 374 380
1 941 506
1 937 354
0 115 116
0 256 257
0 93 103
0 905 907
0 27 33
0 45 51
0 391 392
1 841 994
1 9 100
0 405 415
1 403 431
1 11 844
1 304 631
0 665 674
0 717 719
0 723 724
1 879 54
0 874 882
1 883 280
1 17 737
1 523 737
0 56 57
0 449 458
0 122 123
0 959 966
0 92 97
1 681 333
1 570 311
1 60 522
0 614 618
1 14 95
1 17 542
0 904 906
1 951 529
0 702 710
1 165 820
1 209 23
1 253 516
0 564 569
1 875 708
1 343 794
0 177 185
0 231 237
0 150 153
1 610 597
0 920 923
1 83 874
1 628 114
1 149 809
1 662 446
0 735 740
0 634 638
1 604 199
0 353 361
0 743 748
0 561 564
1 133 113
0 948 957
1 573 510
1 854 74
0 212 216
0 569 571
1 608 817
1 514 455
1 954 84
0 754 762
1 370 139
1 44 505
0 322 330
0 268 273
1 917 716
0 573 583
0 988 998
1 57 104
1 696 30
0 568 570
0 476 481
1 729 689
1 118 972
0 210 211
0 433 434
0 691 698
0 753 755
0 598 607
1 873 561
0 654 660
0 332 341
1 423 403
0 81 91
0 739 743
1 448 963
0 704 708
1 9 788
0 478 480
1 750 318
0 828 835
0 676 681
0 497 502
0 253 259
1 112 68
0 740 749
0 234 241
0 253 255
1 413 888
1 350 272
1 375 82
0 807 808
1 361 327
1 553 282
0 401 402
1 768 787
0 462 470
0 316 322
1 747 707
1 657 793
1 649 509
0 198 202
1 553 824
0 6 13
1 736 358
0 437 441
0 506 508
0 984 986
1 54 926
0 283 289
0 566 575
1 159 299
1 861 271
1 696 104
1 583 706
0 732 741
1 807 28
0 593 599
0 799 806
0 880 886
1 526 428
1 846 594
1 119 645
0 275 279
0 71 81
1 128 652
0 466 476
1 158 754
1 970 252
0 822 830
0 407 414
1 111 726
1 613 34
0 863 869
0 380 386
0 245 252
0 613 614
1 944 533
1 732 315
0 272 273
1 992 737
1 35 500
0 755 765
0 784 788
1 454 566
1 469 72
1 391 997
0 191 194
0 589 592
1 900 421
1 540 629
1 647 335
0 136 141
0 262 265
1 691 552
1 294 463
0 753 754
0 50 55
1 24 106
0 237 242
1 898 473
1 983 119
1 52 838
1 241 175
0 509 519
0 367 374
0 58 61
0 575 576
1 666 492
0 801 809
0 863 870
0 366 374
1 200 658
0 565 574
1 485 949
0 286 288
1 432 287
1 80 633
1 596 516
0 656 662
0 187 189
0 625 626
0 810 820
1 847 829
1 453 458
0 405 409
0 283 285
1 464 286
1 133 546
1 826 663
1 90 505
1 628 619
1 94 627
0 808 814
0 222 232
0 281 290
1 506 872
0 58 59
0 700 708
1 799 573
1 393 6
0 98 102
1 751 636
1 962 833
1 796 866
1 701 544
0 139 147
1 960 840
1 955 592
1 351 929
1 545 697
1 33 78
1 329 826
0 393 399
1 205 617
0 622 631
0 956 966
0 903 905
0 514 519
0 423 424
0 507 509
1 18 872
1 944 476
0 127 135
1 5 929
0 134 141
0 670 673
1 305 331
0 294 300
1 179 104
1 608 441
0 707 715
1 951 876
0 21 30
0 884 889
1 486 397
0 631 640
1 524 500
1 106 14
0 106 107
1 890 294
0 399 405
1 877 300
0 732 742
0 180 187
1 865 263
1 812 821
1 185 438
0 178 181
1 762 555
0 134 142
0 529 535
0 748 756
0 218 219
1 903 857
0 370 373
0 167 169
0 652 658
0 832 840
1 988 343
1 988 41
1 488 606
0 158 161
1 180 821
1 263 63
1 53 600
0 831 837
1 231 103
0 167 176
0 946 951
0 123 125
1 618 650
1 555 358
1 583 962
0 413 420
0 661 671
1 296 222
0 120 126
1 546 121
0 597 598
1 545 861
1 28 695
1 307 531
0 78 84
1 570 71
1 392 129
1 867 215
0 830 840
0 110 119
0 717 726
1 901 413
0 968 972
0 275 282
1 525 118
1 78 504
1 605 828
0 760 763
0 84 86
1 854 219
0 134 138
1 770 468
0 150 151
1 838 301
0 529 533
1 317 674
0 678 688
1 743 987
1 85 930
1 250 590
0 189 196
0 1 11
1 1000 469
1 42 761
1 372 904
0 508 509
0 138 146
0 949 951
1 196 36
0 719 723
0 855 861
1 484 919
1 516 505
0 666 673
0 391 393
1 658 511
1 720 464
0 944 945
0 64 71
0 556 565
0 10 17
0 238 239
1 359 131
1 212 462
1 69 47
0 722 729
1 319 565
0 713 717
0 737 741
1 713 708
1 977 975
1 297 659
1 141 952
1 774 306
1 900 663
1 632 299
0 337 346
0 426 434
0 686 695
0 253 260
0 844 852
0 263 272
0 64 65
1 786 372
0 335 339
1 904 537
0 780 781
1 479 180
1 126 821
0 689 694
1 921 72
1 824 193
1 476 371
0 536 542
0 772 778
0 30 39
1 169 631
0 613 622
1 311 426
1 794 473
0 432 440
1 81 770
1 495 350
1 621 189
0 805 813
1 434 401
0 410 414
0 826 829
1 438 634
1 260 291
0 547 550
1 474 321
1 557 173
1 89 604
0 480 484
0 434 436
0 35 37
0 925 935
1 480 19
1 734 205
0 633 637
1 917 886
1 520 705
0 488 497
1 360 725
1 702 140
1 922 257
1 318 685
0 499 504
0 285 293
1 468 867
0 714 721
1 476 643
0 910 919
1 133 598
0 796 806
1 413 222
1 920 563
0 988 996
1 632 276
1 762 283
1 609 311
1 975 485
0 588 595
0 668 671
0 244 252
0 385 394
0 494 502
1 996 283
0 467 477
1 20 335
0 889 896
1 962 527
1 625 813
0 457 466
1 82 91
0 425 429
0 837 841
1 410 866
1 542 39
0 672 682
0 343 344
0 233 243
1 356 236
1 266 990
0 892 900
0 515 522
0 894 895
0 272 282
1 547 158
0 931 933
1 668 743
0 96 99
1 330 131
1 430 296
0 341 347
0 121 124
1 141 755
1 129 528
0 255 257
1 169 627
1 228 147
1 675 266
1 192 705
1 706 571
0 94 100
1 260 71
0 844 847
1 934 782
1 859 204
0 871 877
0 980 985
0 36 40
1 338 903
1 872 709
1 999 236
1 441 874
0 873 879
1 162 61
1 794 48
0 237 240
1 831 631
0 392 402
0 553 563
1 135 186
0 552 558
0 968 978
1 468 131
0 614 622
1 932 244
0 471 473
1 526 534
1 712 418
1 356 306
1 560 156
0 945 954
0 3 5
1 462 327
1 108 36
0 987 994
0 191 201
0 985 991
0 602 610
1 730 312
0 591 601
1 17 442
1 694 945
1 427 570
1 783 952
1 956 504
1 688 828
0 524 531
0 792 795
0 162 163
0 50 56
0 563 568
1 931 841
0 973 982
0 913 923
1 243 56
1 217 349
0 941 948
0 577 586
0 649 657
1 911 398
0 61 65
1 894 695
1 432 914
0 737 743
0 299 306
0 660 665
0 69 77
1 603 385
1 98 625
1 579 504
1 490 393
1 669 173
0 604 605
1 510 252
1 322 655
1 527 972
1 626 265
0 446 447
1 151 730
1 210 284
1 690 803
1 982 579
1 612 555
1 401 336
1 767 848
1 702 652
0 15 19
0 776 781
1 265 808
0 919 922
1 174 709
0 928 933
0 458 461
0 452 456
0 882 889
0 312 313
1 933 387
1 590 14
1 461 359
0 641 642
1 939 651
1 191 393
0 726 735
1 555 577
0 599 602
1 754 381
1 521 196
0 361 364
0 537 546
1 167 996
1 291 451
0 168 174
1 410 507
1 943 871
0 249 254
1 676 368
1 266 539
1 663 785
0 603 610
1 253 90
0 855 859
0 810 817
1 574 392
1 237 403
0 707 713
0 291 300
1 966 455
0 965 967
1 148 646
0 440 442
1 784 515
0 248 249
0 563 564
0 326 334
1 25 788
1 186 492
1 821 894
1 990 353
0 769 772
0 910 916
0 945 947
0 957 967
1 838 558
1 133 661
0 784 792
0 45 49
1 714 45
1 971 853
0 939 946
0 985 992
0 372 374
0 160 165
1 803 871
0 437 442
1 883 241
0 276 279
1 900 938
0 96 106
0 853 859
0 940 943
1 170 691
0 516 518
0 66 75
0 686 696
1 672 289
1 898 764
1 941 278
0 350 352
0 12 14
0 690 699
1 782 483
1 611 384
0 231 232
0 269 271
0 322 325
1 400 45
1 503 487
0 257 263
0 706 709
0 583 592
0 323 331
0 325 330
0 670 676
1 86 400
0 400 403
0 40 45
0 502 504
0 868 874
0 256 265
1 977 100
0 95 98
0 519 527
0 540 544
1 305 531
0 586 594
1 899 566
1 981 608
1 716 313
1 250 812
1 620 762
1 539 341
0 87 93
0 553 554
0 935 942
0 354 363
1 963 819
1 302 365
1 200 509
0 664 665
1 960 585
1 180 606
1 971 298
0 622 632
0 406 411
0 928 936
1 787 937
1 942 594
1 704 250
0 92 100
0 179 181
1 412 243
1 305 781
1 596 774
1 187 901
0 379 383
0 242 248
0 533 534
1 293 38
1 636 356
1 344 436
1 360 179
0 199 206
1 696 51
1 300 40
0 120 127
1 38 932
1 809 372
0 775 785
0 701 704
0 413 416
1 858 696
1 301 991
1 613 268
0 17 22
1 861 485
0 47 49
0 17 26
1 580 239
0 157 161
0 724 729
1 229 968
1 83 543
1 411 90
0 756 757
0 319 322
0 99 108
0 686 691
0 698 703
1 53 85
0 986 993
1 259 382
1 187 302
0 838 843
0 645 650
1 237 150
0 323 325
1 983 199
1 843 652
1 534 614
0 188 194
1 135 37
0 825 833
0 752 753
1 858 232
1 739 110
1 98 99
0 607 610
0 889 890
1 914 370
1 743 789
1 67 618
1 525 928
0 473 474
1 278 172
0 64 74
1 878 454
1 418 999
0 747 754
1 800 698
1 463 880
1 189 800
1 382 237
1 963 526
1 561 193
1 334 23
0 453 462
1 637 566
1 220 256
0 415 420
1 899 130
1 357 240
1 489 948
0 640 643
0 86 87
0 11 20
1 759 253
1 418 246
0 578 580
0 962 970
1 404 739
0 86 90
1 528 928
0 423 427
0 14 17
1 859 832
0 342 351
1 473 456
0 422 424
1 730 74
1 65 825
0 836 846
0 333 342
1 110 302
0 905 911
1 524 706
0 605 608
0 215 218
1 140 30
1 47 479
0 557 565
0 25 28
1 937 202
1 221 40
0 708 716
0 633 643
0 368 371
0 494 497
1 592 895
0 109 118
0 193 198
0 791 794
1 409 590
0 855 856
0 818 819
0 528 536
0 603 607
0 685 690
1 779 89
1 112 872
0 224 231
1 817 559
0 599 601
1 132 12
1 156 957
1 243 142
0 435 442
1 801 320
1 311 136
1 827 446
0 395 405
0 356 359
1 555 638
0 776 784
1 374 297
1 670 138
0 874 881
1 206 442
1 380 326
1 859 834
1 625 40
0 54 63
0 143 145
0 219 229
0 913 918
1 564 128
1 817 370
1 979 818
1 48 622
0 415 423
1 15 425
1 373 419
0 984 990
0 157 165
0 567 571
1 958 422
0 269 274
1 793 706
1 919 822
0 839 846
1 18 686
1 107 411
0 595 598
0 419 428
1 183 571
1 12 497
0 403 408
1 147 566
1 101 775
0 846 849
0 171 178
1 380 937
1 890 284
0 127 133
0 413 423
1 576 546
1 744 858
0 401 405
1 992 284
1 327 921
0 158 166
1 852 562
1 184 716
0 678 687
0 332 339
1 163 699
0 96 100
0 31 33
0 366 369
0 519 521
0 531 534
0 420 429
1 431 103
0 974 977
1 124 868
1 170 476
0 636 644
1 511 449
1 667 710
1 897 608
0 839 840
1 904 74
0 869 878
0 433 442
1 757 416
0 341 342
0 278 280
0 496 498
0 749 754
0 607 614
1 771 837
0 4 14
1 650 919
0 751 752
0 787 797
0 377 387
1 680 74
0 406 412
0 759 767
0 971 980
1 279 519
1 914 416
0 777 787
1 495 850
1 785 9
1 104 138
1 121 347
0 679 686
0 357 359
1 377 988
0 422 423
0 578 585
0 534 543
1 181 123
1 533 817
0 426 429
1 549 956
1 89 497
0 15 21
0 214 215
0 561 569
0 397 398
1 680 692
1 16 261
1 339 928
1 254 834
0 456 461
1 15 764
1 229 881
1 866 246
1 795 437
0 325 331
1 913 735
1 582 399
0 967 973
1 404 214
0 342 347
0 130 139
0 164 165
0 962 964
0 970 972
0 950 957
1 685 324
0 614 619
1 835 201
0 811 815
0 729 737
0 487 491
1 106 990
0 726 728
1 314 469
0 112 113
1 937 998
0 369 376
0 633 642
0 420 428
0 222 231
0 770 775
1 685 255
0 867 871
0 920 929
0 378 384
1 834 105
1 430 254
1 728 11
1 530 666
0 17 27
0 855 865
0 659 668
0 75 78
0 334 336
0 273 280
1 961 815
1 522 982
0 429 432
1 3 258
0 662 669
0 769 776
0 542 551
0 380 384
1 964 57
0 921 925
1 404 538
1 952 750
1 234 521
1 263 889
0 960 967
0 139 140
1 334 458
0 78 79
1 17 428
0 323 333
1 515 984
0 602 603
1 478 807
0 172 177
1 204 167
0 537 542
0 485 493
0 348 349
0 365 371
0 950 953
1 745 286
0 745 748
0 506 511
1 467 238
0 506 507
0 207 213
0 230 237
1 814 466
0 716 725
0 416 426
1 532 780
1 1 136
1 926 90
0 752 760
1 123 324
0 861 869
1 879 900
1 358 923
1 895 655
0 925 928
1 586 309
1 8 526
0 489 499
1 575 268
0 744 753
1 724 171
0 97 105
0 157 166
1 969 726
1 854 764
0 685 686
1 82 283
0 263 271
0 729 733
0 931 938
0 502 506
0 356 366
1 687 830
0 501 508
1 842 547
0 7 14
1 859 196
1 363 291
1 947 506
0 772 776
1 332 645
1 106 714
0 780 785
1 27 632
1 712 868
1 912 953
0 366 368
0 169 170
0 653 663
0 898 907
1 831 502
0 356 357
1 399 686
0 202 203
0 762 772
1 497 241
0 560 569
1 815 556
0 127 130
1 370 91
0 352 355
1 814 142
0 592 593
1 55 519
0 80 82
0 981 986
0 666 675
0 487 496
0 950 954
1 920 277
0 136 138
0 569 572
1 235 959
0 571 576
1 563 297
0 227 232
1 314 806
0 836 840
1 639 36
1 82 640
1 712 931
1 349 872
1 425 294
1 142 326
0 533 535
1 402 573
0 198 204
1 59 564
0 988 991
0 628 636
1 352 120
1 44 346
0 894 902
1 432 628
0 556 562
0 392 400
1 565 838
1 338 400
0 264 270
0 959 963
0 731 733
0 216 223
0 398 406
1 290 358
1 526 308
1 80 789
1 257 315
0 836 845
1 666 711
0 377 384
0 232 239
0 125 134
0 296 304
0 663 666
1 476 619
1 911 693
0 395 398
1 380 49
1 239 901
1 299 251
1 630 174
0 402 405
1 857 303
1 858 625
0 583 593
0 639 641
1 115 149
0 622 623
1 593 426
1 638 907
1 906 105
0 207 212
0 607 611
0 132 137
0 53 61
0 617 618
0 756 764
0 511 516
0 812 818
1 452 71
1 750 391
0 668 676
0 534 540
0 715 716
0 88 93
1 680 887
1 487 218
1 67 747
0 390 393
1 260 923
0 881 885
1 716 81
0 827 831
1 565 940
1 49 484
1 264 811
0 184 191
1 686 306
1 33 512
0 511 513
0 820 829
0 270 279
1 155 99
1 205 792
0 461 464
1 646 171
0 639 643
1 379 191
0 444 448
0 49 53
1 901 905
0 521 530
0 288 292
0 680 685
1 38 982
0 622 629
1 256 512
1 868 67
1 139 137
1 397 956
0 329 331
0 790 797
1 470 764
0 699 709
0 24 25
1 501 985
1 438 202
1 710 220
0 751 758
0 763 768
1 285 29
0 790 800
1 14 202
1 237 719
1 949 129
1 456 821
1 540 808
0 922 928
1 21 526
1 441 676
1 919 549
1 703 560
0 952 955
1 477 624
1 447 515
0 540 547
0 579 589
1 818 948
0 573 577
1 849 643
0 942 944
1 607 166
1 249 551
1 463 353
1 657 511
1 961 13
0 314 322
1 996 735
1 356 406
1 782 227
0 934 942
0 977 980
0 228 237
0 310 316
1 633 354
0 375 376
1 190 539
0 172 182
1 36 960
0 138 139
1 562 239
1 92 135
0 480 489
1 1 131
1 581 347
0 444 449
1 103 208
0 349 353
1 773 971
1 384 49
1 678 216
0 400 405
0 28 36
0 892 896
0 680 683
1 861 178
1 816 232
0 862 863
0 660 667
1 74 444
1 204 644
1 26 867
1 823 763
1 837 71
1 799 396
0 135 136
1 583 70
0 819 824
0 743 753
0 240 247
0 361 367
0 936 942
0 707 709
0 73 82
1 429 650
1 498 901
0 835 842
0 582 587
1 955 206
1 932 234
0 919 923
0 19 22
0 208 215
0 744 747
1 514 370
1 471 178
1 499 776
0 416 424
1 188 302
1 948 635
1 725 4
0 942 948
0 176 183
0 177 180
1 972 677
0 177 179
0 536 540
1 856 451
0 886 892
1 7 314
0 915 923
0 510 514
0 374 376
0 462 467
1 53 984
0 710 720
1 660 830
1 61 477
0 72 74
0 475 484
0 381 391
1 317 760
0 557 558
0 149 159
1 535 675
1 439 861
1 464 774
1 297 352
1 204 439
1 813 602
0 356 358
0 780 784
1 479 380
0 928 935
0 551 558
1 55 703
0 765 773
1 352 183
0 66 74
1 285 620
0 743 752
0 25 34
0 652 661
1 638 158
1 149 583
1 699 538
1 264 672
1 149 16
1 205 852
1 843 247
0 715 724
1 864 567
1 923 746
0 888 891
0 24 27
1 931 990
1 557 904
0 843 846
0 540 543
0 605 609
0 770 771
1 428 234
1 453 679
1 201 879
1 772 669
1 842 414
0 272 277
0 869 879
1 421 59
0 554 560
1 585 157
1 632 851
1 546 388
0 336 339
0 737 738
1 271 793
1 786 136
0 74 84
0 438 447
0 458 460
0 819 823
1 417 239
1 587 34
1 284 293
0 24 30
1 923 423
0 788 793
1 419 266
0 640 647
0 829 838
0 666 671
0 952 957
1 294 479
0 778 784
0 916 925
0 978 979
1 837 174
0 143 151
0 283 291
1 205 309
1 452 298
0 106 114
1 70 605
0 274 283
1 303 209
1 429 789
1 833 739
1 427 124
1 323 724
1 922 281
1 382 724
0 747 751
0 237 243
1 4 206
1 763 258
0 383 385
1 344 418
1 733 507
1 50 811
0 913 916
1 807 573
1 790 753
1 614 948
0 698 705
1 309 282
1 604 396
1 722 630
1 127 948
0 468 469
1 903 419
0 928 937
0 414 416
0 304 313
1 203 700
1 14 841
0 16 24
0 865 866
1 495 323
0 538 547
0 464 474
1 357 20
1 739 247
1 354 481
0 394 403
0 394 401
1 27 247
1 102 1
0 973 981
1 95 898
1 534 945
0 173 176
0 147 150
1 203 379
0 35 43
1 185 949
1 121 531
0 236 245
1 209 120
0 636 642
0 937 938
0 740 750
0 261 262
0 499 501
0 746 749
1 602 662
1 52 17
1 272 266
1 639 222
1 645 822
0 938 945
1 669 991
1 325 65
1 167 783
1 752 528
1 436 9
1 19 281
0 235 244
0 52 54
0 643 647
1 729 382
0 977 982
1 101 328
1 204 372
1 891 490
1 405 942
0 248 254
0 355 364
0 63 70
1 592 954
0 689 693
1 102 585
1 653 598
1 341 223
0 721 727
0 300 306
0 794 802
0 450 455
1 302 499
0 289 291
1 462 337
0 257 266
1 745 359
0 790 795
1 420 869
0 285 294
0 627 631
1 378 289
0 391 397
1 689 367
0 919 920
1 331 165
0 632 639
0 809 813
1 200 127
0 752 757
0 315 319
1 443 502
1 539 627
1 482 896
1 498 597
0 292 295
1 653 362
1 373 231
0 61 62
0 554 557
0 805 815
1 862 378
1 740 30
0 850 851
0 945 949
1 836 883
1 960 759
1 512 830
1 873 174
1 705 527
1 827 97
0 755 757
1 767 862
1 793 56
0 40 46
0 573 582
1 578 637
0 432 436
1 88 653
0 552 555
0 769 773
1 145 350
0 742 751
0 595 600
1 69 306
0 946 952
0 486 489
1 551 164
0 558 567
1 712 992
1 406 972
1 589 287
0 270 272
0 756 758
1 1000 936
0 444 452
1 535 280
0 159 169
0 908 916
0 554 555
1 674 225
1 223 462
1 828 595
0 363 365
0 132 136
0 929 934
0 308 314
1 333 668
0 206 211
1 174 113
1 655 237
1 113 253
1 366 993
0 772 777
1 272 967
0 356 362
1 278 705
0 568 569
0 808 816
1 339 509
0 816 818
0 670 675
0 779 784
1 912 342
1 836 36
0 856 864
1 247 563
1 968 737
0 820 823
0 202 211
1 523 825
0 22 31
0 696 705
1 835 620
0 659 662
1 533 623
0 35 38
1 378 279
1 139 608
0 834 841
0 835 841
1 476 349
0 254 259
1 723 40
0 436 438
0 368 377
1 224 706
0 867 870
1 342 688
1 167 935
1 778 979
1 397 247
0 201 203
1 222 966
0 969 971
0 244 249
0 630 632
1 949 539
0 236 239
0 455 462
0 264 272
0 495 505
0 946 949
0 189 194
0 941 950
1 508 55
1 481 140
1 227 909
1 780 909
0 57 62
0 802 805
1 497 517
1 258 588
1 882 294
0 387 390
0 785 791
1 627 678
1 522 889
0 799 805
0 196 202
1 885 640
0 954 962
0 928 931
0 983 985
0 188 193
0 750 751
1 266 495
0 817 825
0 891 892
0 13 19
1 761 472
1 381 446
1 898 590
0 607 609
0 116 118
1 204 307
1 608 333
0 977 978
1 812 277
0 205 215
1 139 23
1 45 174
1 437 486
0 53 56
1 232 972
0 482 491
1 377 877
0 775 777
1 843 261
0 447 452
1 847 25
1 612 985
0 306 312
1 984 760
1 545 118
0 78 88
1 674 867
0 640 645
0 2 9
0 450 454
1 677 676
0 983 991
0 402 407
0 424 428
0 535 540
1 421 982
0 547 555
0 398 399
1 266 698
0 518 528
0 9 15
1 674 816
0 560 570
0 282 289
1 244 64
1 352 721
0 556 560
1 272 875
1 213 387
0 603 609
0 75 79
1 805 567
0 644 647
1 853 294
0 732 739
0 187 190
0 782 785
1 331 259
1 528 7
0 347 354
0 215 219
0 158 167
1 733 419
1 589 879
1 939 535
0 34 36
1 589 618
0 119 123
1 599 259
1 973 872
1 120 845
1 747 294
0 549 556
1 240 964
1 209 554
0 331 336
0 739 741
1 414 133
1 485 835
1 567 563
1 606 156
1 868 525
0 207 209
0 62 64
0 114 116
0 573 579
1 612 474
0 818 826
1 578 427
1 652 658
0 852 853
1 661 315
1 432 568
0 537 543
1 831 348
0 513 521
0 534 538
1 780 216
0 218 225
1 337 658
0 523 527
0 962 972
0 703 708
1 980 539
1 156 860
1 754 615
1 171 743
0 576 580
1 459 322
1 859 768
1 302 829
1 9 67
0 265 268
0 313 320
0 141 143
0 642 644
1 406 621
1 53 950
1 365 976
1 153 385
1 681 54
0 427 430
1 131 909
1 626 275
1 710 921
1 220 136
0 954 955
1 534 349
1 590 40
1 27 671
1 659 35
0 122 131
1 448 729
0 481 483
0 575 578
0 513 518
1 505 720
0 10 20
0 170 174
1 857 665
0 502 511
0 406 407
1 321 212
1 607 160
0 558 559
0 965 972
0 626 629
0 109 114
0 505 515
1 50 648
1 161 7
1 281 157
0 280 281
0 587 594
1 970 315
1 88 245
0 595 596
0 353 357
0 53 58
0 584 592
0 431 437
0 552 560
1 113 321
0 322 326
1 701 423
0 348 354
1 424 746
0 205 209
1 463 272
0 283 286
0 578 582
0 293 302
1 679 406
0 825 829
1 839 543
0 602 608
1 353 527
1 136 88
1 90 559
0 759 764
0 544 553
1 660 344
1 661 917
1 5 718
0 933 943
1 737 206
0 654 662
0 375 384
0 946 947
1 25 821
1 189 911
1 6 507
0 458 468
1 759 636
0 170 180
0 834 840
1 629 554
1 980 35
0 745 747
1 28 106
1 760 390
1 52 813
1 273 898
1 198 349
0 758 762
0 209 218
1 531 995
1 871 963
1 455 518
0 586 595
1 999 326
0 93 101
0 655 662
0 174 181
0 734 737
1 847 396
0 218 221
0 893 898
1 298 729
0 183 184
1 561 800
0 30 32
1 732 873
0 836 837
1 7 190
1 128 993
0 682 686
1 33 983
0 131 133
0 767 770
1 898 65
0 219 220
0 672 678
0 947 950
1 89 338
0 437 444
1 319 932
1 240 226
0 417 425
1 481 186
1 127 581
1 707 598
1 833 310
1 133 131
0 577 583
0 828 830
0 318 319
1 199 18
0 696 706
1 739 917
0 769 778
0 79 88
0 367 373
0 437 439
1 825 543
0 722 727
1 784 498
1 114 438
0 220 229
0 363 369
1 981 396
1 37 250
0 359 369
0 399 408
1 232 621
0 99 105
0 31 37
0 611 620
1 352 171
1 378 426
1 702 58
1 287 244
0 225 233
1 687 358
0 673 678
0 969 972
0 528 529
0 174 178
0 18 22
0 673 674
0 429 438
1 493 376
0 756 761
0 118 122
1 397 95
0 140 142
1 609 667
0 368 378
0 846 855
0 165 172
0 232 233
1 956 613
0 365 375
1 257 92
0 22 23
1 606 411
0 395 396
0 81 90
0 211 216
0 561 563
1 354 482
0 375 383
1 543 694
0 369 374
0 562 571
0 928 938
1 63 3
0 92 94
1 76 49
1 228 157
0 282 291
1 225 704
0 732 736
1 953 173
0 518 526
0 92 101
1 455 492
0 532 542
0 809 810
1 917 183
1 17 227
0 103 110
1 745 479
1 832 557
1 769 859
0 369 379
0 192 202
1 781 786
1 87 846
0 633 636
1 328 966
0 3 7
1 157 542
1 698 109
0 566 574
0 669 671
1 927 885
1 818 454
1 77 599
0 109 111
1 841 331
0 600 604
0 396 401
1 413 396
0 513 523
1 436 613
0 101 110
1 490 105
1 472 248
0 300 309
1 387 942
0 660 664
0 908 918
0 208 214
0 302 312
1 194 127
0 627 632
1 269 6
1 786 992
0 943 946
1 137 341
1 271 856
0 313 322
0 706 716
0 847 856
1 516 724
0 969 975
0 592 599
1 228 564
0 895 901
1 203 509
0 611 612
0 525 533
1 82 646
0 9 14
1 867 813
1 585 257
1 382 463
1 944 650
1 315 367
1 890 350
1 652 839
1 471 386
0 543 550
1 285 73
1 817 42
1 111 799
0 526 530
1 931 79
0 559 569
1 715 392
1 430 727
0 80 81
0 475 479
1 969 545
0 952 960
0 465 466
1 688 809
1 151 429
0 798 808
0 431 440
0 456 457
1 854 590
0 773 779
0 523 532
0 3 4
1 511 266
1 614 831
1 302 373
0 402 403
1 750 914
0 525 527
1 249 389
0 889 898
0 575 581
0 91 96
1 380 800
0 395 404
1 317 133
1 993 457
1 979 284
1 309 243
1 283 282
1 954 848
0 188 191
0 423 428
1 868 928
0 193 196
1 309 965
0 814 821
0 477 482
1 487 40
1 725 542
0 65 72
1 624 129
0 336 340
0 185 192
1 523 137
0 753 759
1 373 911
1 300 88
0 146 156
0 782 791
1 61 300
1 958 919
1 836 710
1 102 969
1 458 14
0 158 163
0 26 36
0 139 143
0 330 340
1 951 172
1 231 174
1 746 714
1 189 304
0 464 469
0 455 457
1 628 447
1 399 48
0 867 875
1 671 338
1 45 599
1 681 629
0 936 946
0 83 84
0 924 931
0 916 919
1 126 114
0 172 173
0 322 332
0 533 541
0 224 226
0 276 282
0 279 280
0 483 489
1 930 302
1 730 157
0 656 663
0 570 574
0 203 213
1 499 644
1 43 552
1 994 659
0 473 482
1 624 270
1 969 129
1 242 351
0 812 820
1 902 515
1 201 971
0 673 677
0 951 953
0 953 962
1 308 914
0 630 634
1 411 269
1 153 391
1 870 354
0 439 440
0 500 508
1 968 558
0 790 799
0 320 323
0 225 229
0 412 420
0 979 980
0 740 741
0 848 850
1 731 218
0 631 635
1 448 12
1 624 351
1 119 706
0 846 847
0 966 969
1 880 995
1 418 405
0 72 79
0 176 181
1 380 977
1 786 935
1 365 711
0 195 202
1 335 726
0 541 545
0 718 727
1 484 607
1 15 901
0 137 138
1 974 162
1 748 398
0 37 40
0 781 782
1 439 33
0 543 553
0 972 976
0 601 604
1 903 560
0 406 414
0 59 60
0 655 663
1 690 519
0 167 175
1 50 444
1 10 225
1 185 657
1 142 562
0 92 99
0 419 423
0 978 985
1 313 63
0 794 797
1 421 487
1 653 747
1 105 427
0 827 830
0 16 20
1 926 437
0 969 976
0 82 85
0 937 945
1 106 863
1 49 941
0 361 366
0 777 783
0 540 546
1 491 688
0 90 93
0 98 107
0 986 992
1 687 32
0 670 674
1 118 79
1 584 561
1 430 528
1 346 720
1 949 638
1 811 157
0 908 915
1 879 308
0 28 31
1 267 460
0 886 894
1 252 21
0 616 618
1 297 930
0 27 35
1 388 902
1 362 367
1 383 682
1 655 570
1 187 873
0 899 904
1 104 905
1 832 688
0 103 104
0 326 331
0 653 662
1 321 603
1 506 736
1 513 255
0 934 943
0 968 969
1 218 341
0 950 952
0 629 638
1 15 702
1 710 994
1 988 668
0 33 40
1 572 64
1 820 614
1 404 782
1 721 560
0 449 452
0 819 828
0 887 897
1 117 356
0 457 467
1 552 364
1 301 662
1 450 990
0 269 277
0 783 793
0 725 727
1 204 114
0 686 693
0 48 50
1 368 548
1 728 928
1 188 186
0 695 704
0 304 308
1 859 97
1 807 643
0 501 504
1 212 917
0 592 594
1 98 856
0 894 900
0 315 322
0 266 272
0 157 158
0 116 120
0 320 328
0 107 111
1 516 586
1 789 917
0 68 69
0 445 448
1 790 45
1 94 797
1 942 549
0 281 288
1 519 834
1 158 467
1 654 364
0 20 23
0 115 122
1 384 961
0 446 455
0 72 81
1 901 170
1 927 558
0 687 694
1 53 434
0 14 19
0 43 46
1 184 347
1 422 534
0 47 52
0 350 359
0 841 848
1 652 371
0 231 240
0 161 166
1 361 583
0 871 878
0 258 266
1 607 999
0 513 522
1 140 660
1 928 776
0 335 342
1 388 567
1 249 129
1 486 72
0 734 736
1 952 448
1 247 14
0 566 568
0 791 800
0 822 827
0 94 96
0 421 427
0 926 930
0 9 11
0 288 296
1 5 96
1 491 693
0 575 584
1 216 35
0 451 460
0 483 490
1 40 376
0 734 739
0 290 300
1 85 912
0 626 631
1 255 51
0 86 88
0 934 940
0 204 213
0 207 214
1 1000 639
1 264 688
0 944 946
1 638 670
1 130 633
1 164 248
0 7 15
1 559 410
1 285 247
0 155 158
0 146 148
0 312 322
0 141 142
0 206 212
0 110 112
1 36 435
0 178 183
1 332 486
1 540 169
0 683 687
0 344 346
1 224 652
0 332 335
0 974 976
0 215 220
1 540 687
0 592 601
0 786 787
1 286 269
1 304 278
1 570 265
0 379 387
1 472 696
0 348 358
1 845 691
0 640 649
1 560 432
0 647 650
0 428 434
1 316 943
0 19 20
0 566 570
0 414 420
1 119 255
0 379 385
1 383 293
0 79 82
1 770 955
1 59 747
1 502 897
0 454 460
0 311 321
1 781 512
0 883 888
0 386 394
0 548 555
0 81 84
0 295 304
0 690 695
1 139 53
0 371 380
1 750 207
1 152 566
0 286 289
1 530 493
1 314 584
0 240 241
1 94 361
0 915 918
0 502 507
1 949 585
0 264 273
1 645 624
0 970 980
0 804 812
1 579 294
1 933 201
1 220 622
0 724 733
1 279 558
1 173 408
0 905 915
1 351 142
0 475 477
1 386 294
1 947 522
0 137 141
1 670 604
1 536 757
1 737 147
0 699 700
0 305 307
0 868 871
0 771 774
0 752 762
0 695 698
0 839 845
1 449 906
1 803 277
0 129 130
1 448 975
0 228 232
1 612 535
1 686 764
1 483 799
0 479 487
0 34 35
0 87 94
0 752 756
1 140 620
1 231 458
0 552 556
1 616 584
0 848 856
1 819 697
1 480 265
1 484 397
1 892 637
1 493 583
0 249 259
0 495 498
1 128 911
0 309 312
0 333 338
0 935 944
1 256 952
1 34 359
1 755 725
1 18 326
0 584 591
1 621 995
0 740 747
1 940 864
0 682 691
1 932 880
1 905 865
0 367 375
0 875 879
0 223 225
1 654 104
0 5 6
0 17 20
0 441 446
1 674 393
1 763 535
0 83 90
1 839 460
0 746 750
0 284 287
0 88 90
0 546 554
0 598 602
1 276 58
0 36 42
0 441 443
0 705 713
0 903 909
1 838 405
1 489 723
1 67 503
1 81 182
0 804 805
0 788 792
0 213 217
1 870 498
1 8 410
1 194 7
1 952 354
0 171 175
1 676 228
0 392 399
0 215 216
1 618 487
0 170 172
0 733 739
1 721 69
1 926 509
0 38 40
1 293 104
1 691 708
1 666 340
0 795 800
1 85 646
1 961 93
1 796 457
0 452 462
0 512 517
1 907 15
0 184 186
0 897 903
0 654 659
1 673 772
0 797 802
0 644 645
0 308 310
0 711 719
0 816 826
1 678 719
0 882 888
0 55 61
1 1000 594
1 275 215
0 314 323
1 741 53
0 288 289
0 156 159
0 378 381
0 416 420
0 570 573
0 817 821
1 910 391
1 642 624
1 479 57
0 417 420
0 10 12
1 544 889
0 898 903
0 54 56
1 424 735
1 478 34
1 125 105
1 232 583
0 48 52
0 806 809
0 617 626
1 388 816
0 628 632
0 308 318
1 509 806
1 520 100
0 199 209
1 339 319
0 545 550
0 556 558
1 301 603
0 452 455
1 947 12
0 116 122
1 18 847
1 216 750
1 881 298
1 359 114
0 694 703
1 301 956
0 876 881
0 794 804
1 569 575
0 841 843
0 605 615
0 531 533
1 176 582
0 724 727
0 42 49
0 33 37
1 65 563
1 462 860
0 526 527
0 761 764
0 949 956
0 565 566
0 100 104
1 518 831
0 61 71
0 811 814
0 248 253
0 117 127
0 871 880
0 746 753
0 240 244
1 864 932
0 919 926
0 604 606
0 64 66
0 761 769
0 123 124
0 223 226
0 766 774
0 289 295
0 570 575
1 173 282
1 68 486
1 247 792
1 756 5
0 51 57
1 353 469
0 495 501
1 399 213
0 510 511
1 923 483
1 269 561
0 182 185
1 48 803
1 620 901
1 637 373
0 724 730
1 627 905
0 487 497
1 737 960
1 587 22
0 858 866
0 245 247
0 959 961
1 799 204
0 764 769
1 34 148
0 483 484
0 261 264
1 121 830
1 579 535
0 42 52
1 227 595
0 709 715
1 620 180
1 317 945
0 289 290
1 986 991
1 111 653
0 616 617
0 779 783
0 955 962
0 697 706
0 26 30
0 269 275
0 453 454
0 892 902
1 864 466
1 807 647
0 356 363
0 152 160
1 155 129
1 666 680
0 317 325
1 708 858
0 516 517
1 276 383
1 261 32
0 423 432
0 342 345
1 69 247
1 168 700
1 364 553
1 584 714
1 624 628
0 825 827
1 569 643
0 787 788
0 893 899
0 606 612
1 729 62
1 893 616
0 879 883
1 444 560
1 66 654
1 74 545
0 726 730
1 627 447
0 830 831
1 990 832
1 126 183
1 70 798
0 6 10
1 416 192
1 269 91
1 336 157
1 921 856
0 843 853
0 632 634
1 313 322
0 62 63
1 394 706
1 555 256
0 269 278
0 163 168
1 775 137
0 707 712
0 293 297
1 317 255
0 943 947
1 987 751
0 95 105
0 987 997
1 52 635
1 113 920
1 757 66
0 303 310
0 507 510
1 694 110
0 638 647
1 176 614
1 48 209
0 813 816
0 979 981
1 631 436
0 290 293
1 287 48
0 217 221
0 942 952
0 272 280
0 330 339
1 570 955
0 559 560
1 659 33
1 741 761
1 19 530
0 199 200
1 453 416
1 970 330
1 899 597
0 38 43
1 38 811
0 723 726
1 564 373
0 562 564
1 659 774
1 549 153
0 702 712
0 288 295
1 985 430
0 303 305
1 722 697
1 882 706
0 795 802
1 292 135
0 861 864
1 318 193
0 364 369
0 806 807
0 493 502
0 554 563
0 803 809
0 107 108
1 53 723
0 583 588
1 136 746
1 144 626
1 368 884
1 797 576
0 781 783
0 742 750
1 61 942
0 740 743
0 725 730
1 619 786
1 530 795
1 98 502
0 140 144
1 791 295
0 855 864
1 180 213
0 675 677
1 889 733
0 448 457
0 965 970
1 400 56
1 384 687
0 267 270
0 903 908
0 591 595
0 788 795
0 407 411
0 358 362
1 715 4
1 801 676
1 633 662
1 387 410
1 125 933
0 712 719
1 629 332
0 779 781
1 637 674
1 898 869
0 810 816
0 149 156
1 544 746
0 231 234
1 193 725
0 112 118
1 718 831
1 893 860
1 71 188
0 736 742
1 551 368
0 703 711
0 467 470
0 274 284
0 128 133
1 620 814
0 532 535
1 528 385
1 721 29
1 187 15
0 907 908
0 930 939
0 87 88
0 191 200
0 849 858
1 710 152
1 708 131
1 106 621
0 716 723
1 20 912
0 453 461
1 69 664
1 101 623
1 383 996
1 381 632
0 485 488
0 819 827
0 777 781
0 590 600
0 652 659
1 999 923
0 859 860
1 521 96
1 80 120
0 836 838
0 373 375
1 861 589
1 963 739
0 448 450
1 382 77
0 973 983
0 123 133
1 908 874
0 916 923
1 184 525
1 806 499
1 123 238
1 346 840
1 77 538
0 166 174
0 592 596
1 422 337
0 931 935
0 833 836
1 119 449
1 775 18
1 951 161
0 893 901
0 584 588
1 339 230
1 942 55
0 440 444
1 697 107
1 734 865
1 372 53
0 246 256
0 886 887
1 454 796
0 913 920
0 234 237
0 89 91
1 52 869
0 337 345
0 361 370
1 552 450
1 702 836
0 381 388
0 977 984
1 853 511
0 462 468
1 382 908
1 574 838
0 983 992
0 467 476
1 796 626
0 254 260
1 15 491
1 809 720
0 589 594
1 701 836
1 704 613
0 231 233
1 793 578
0 123 130
1 628 552
1 12 538
1 876 278
1 939 443
0 108 111
1 637 473
1 248 920
1 769 241
0 39 44
0 640 646
1 628 946
1 776 429
1 428 866
0 287 295
0 381 385
0 573 575
0 134 143
0 347 349
0 694 701
1 949 749
0 270 274
0 534 541
0 595 597
1 873 843
1 447 820
1 489 212
0 366 373
1 128 232
0 197 203
0 289 297
1 918 939
0 259 263
0 398 403
0 53 57
0 56 59
0 144 149
1 78 710
0 67 68
0 178 186
0 927 929
1 612 716
0 617 619
0 850 857
0 83 87
1 156 391
1 412 66
0 161 171
0 790 794
1 792 51
0 437 438
1 573 463
1 522 667
0 174 183
1 678 910
1 255 165
1 963 712
0 60 65
1 678 897
1 590 916
1 46 861
0 934 937
1 535 806
0 491 500
0 39 40
1 261 379
1 950 877
1 348 177
0 882 885
1 794 251
1 984 813
0 143 146
0 634 637
0 921 931
1 491 187
1 714 547
0 155 161
0 830 838
0 910 920
0 673 676
1 397 774
1 204 160
0 325 335
0 181 183
0 776 785
1 840 328
0 270 275
1 13 502
0 874 884
0 394 396
0 129 135
0 525 535
1 973 646
1 865 288
0 328 329
1 629 600
1 344 793
0 933 936
0 984 988
1 554 935
1 184 684
1 398 221
1 369 504
1 211 637
1 51 108
1 401 933
0 73 79
1 197 464
0 229 237
1 987 905
0 517 523
1 324 843
1 664 353
0 676 680
1 85 810
1 258 698
1 743 863
0 72 73
1 128 165
0 791 795
0 961 969
0 879 888
1 534 470
1 551 767
1 780 834
1 594 821
0 545 553
0 989 991
1 343 26
1 745 806
1 308 764
0 273 279
1 870 587
1 765 70
1 104 7
0 571 573
1 352 313
1 796 158
0 431 434
1 632 510
0 916 917
1 308 761
1 939 407
1 173 543
0 70 72
1 178 342
1 809 584
0 612 620
0 186 191
1 75 913
1 479 870
0 887 896
0 391 401
0 912 921
1 861 772
0 583 589
0 771 778
1 387 986
1 883 858
0 583 590
0 383 393
0 720 729
0 641 646
0 832 838
0 813 822
1 773 802
1 169 391
1 571 24
1 927 779
0 824 834
1 826 756
0 460 462
0 272 279
0 947 953
1 584 177
1 795 517
1 107 54
0 990 993
0 291 292
0 52 60
1 7 451
0 538 539
1 331 751
0 560 568
0 912 917
0 267 271
0 295 305
1 561 855
0 245 255
1 493 903
1 189 86
0 93 102
1 498 958
1 324 151
1 613 534
1 77 387
0 838 839
1 145 821
1 265 703
1 735 83
0 709 712
0 164 172
1 104 725
1 570 100
1 924 438
0 855 860
1 263 21
0 796 800
1 542 567
0 878 883
1 710 293
1 952 59
0 465 473
1 792 168
1 643 538
1 885 166
0 617 620
1 989 728
1 171 643
1 676 712
1 903 100
1 365 927
1 688 277
0 228 235
1 340 420
0 858 862
1 191 382
1 326 6
0 4 9
1 898 171
1 634 523
1 208 814
0 315 320
0 337 341
0 919 924
0 828 832
1 374 304
1 748 12
1 639 281
0 101 102
1 118 74
0 116 117
0 238 240
1 589 347
0 443 444
0 154 156
0 300 310
0 667 674
1 427 898
1 624 789
1 897 504
1 542 101
0 55 65
0 184 194
0 713 722
0 52 61
1 38 179
1 638 468
1 673 573
0 789 791
1 244 780
1 66 766
1 43 624
0 669 676
1 977 478
1 104 495
0 122 124
1 708 155
0 545 548
0 225 232
0 851 860
0 796 798
1 855 808
1 186 559
1 355 818
1 640 51
1 754 24
0 319 329
1 626 633
0 945 955
0 460 470
0 651 656
0 190 200
1 425 314
0 16 19
1 861 921
0 668 677
1 137 921
1 953 142
0 161 163
0 46 50
0 611 617
1 856 140
1 820 870
0 549 554
1 109 576
1 910 460
1 109 464
1 331 584
0 213 218
1 984 837
0 298 303
0 203 212
1 217 853
0 932 934
1 526 660
1 766 26
1 569 354
0 913 921
1 341 134
1 660 147
0 685 692
1 360 190
0 927 934
0 493 501
1 183 154
1 983 674
1 121 644
0 270 271
1 954 578
1 44 493
0 217 226
0 251 252
0 663 668
1 212 479
0 52 55
0 688 692
1 189 123
0 138 141
0 696 701
0 596 599
0 268 278
0 645 648
1 18 626
1 66 510
1 335 15
0 912 914
1 540 59
0 816 824
0 44 52
0 154 158
0 168 176
0 346 349
1 748 30
1 854 471
1 453 853
1 22 218
0 785 788
0 574 583
0 940 942
0 800 803
0 706 708
0 503 511
0 755 762
1 370 590
1 357 953
0 638 645
0 448 453
0 760 770
1 357 279
1 911 745
1 850 290
0 787 789
1 233 502
0 915 925
0 893 894
1 37 845
0 596 601
1 739 937
0 22 26
0 847 851
0 681 684
0 321 328
0 806 810
0 273 278
0 377 378
0 903 910
0 160 170
1 234 224
0 327 331
1 461 965
1 796 163
0 346 347
0 472 476
1 318 799
0 363 372
1 42 357
1 78 7
0 896 905
0 629 639
0 491 492
0 766 772
0 437 446
0 11 14
1 891 334
0 648 653
1 440 409
0 105 111
1 268 408
1 474 524
0 271 272
0 555 565
0 633 641
1 360 665
0 757 764
0 949 955
1 885 888
0 328 331
0 585 594
1 268 725
0 364 368
0 941 943
0 758 764
1 78 990
0 321 323
1 680 181
0 81 88
0 273 277
0 138 145
0 342 350
1 735 314
0 234 235
1 284 591
0 610 616
0 404 410
1 991 638
1 575 484
1 611 613
1 625 918
0 618 620
0 397 402
0 898 906
0 631 639
1 444 316
1 710 94
1 444 610
0 718 723
1 715 944
1 927 728
1 622 644
1 83 493
1 422 562
0 578 587
0 598 603
0 411 418
0 496 500
1 38 862
1 830 633
1 796 269
0 88 94
0 247 254
1 823 637
0 371 377
0 643 652
1 722 893
1 79 721
1 384 866
0 417 421
0 559 561
1 511 160
1 385 924
1 860 14
1 111 552
0 150 160
0 669 675
0 305 310
0 53 55
1 332 731
1 966 696
1 63 464
0 725 734
1 333 874
0 784 789
1 742 139
1 319 996
1 164 424
0 150 152
1 621 210
0 978 984
0 366 375
1 961 371
0 257 258
1 888 410
0 275 280
1 280 992
0 658 660
0 478 483
0 742 752
1 378 968
0 338 348
1 503 81
1 542 133
0 722 731
0 738 745
1 344 822
1 579 70
0 646 653
0 872 876
0 278 286
0 493 503
1 45 63
0 470 479
1 532 349
0 573 576
1 968 758
1 730 721
0 511 514
1 590 378
1 795 542
1 927 208
0 60 67
1 493 76
1 442 143
0 469 472
0 424 433
1 846 878
1 696 375
0 769 779
1 472 669
0 988 990
0 500 501
0 56 66
1 273 781
1 291 859
0 894 901
0 781 787
0 862 871
1 530 83
0 189 198
1 548 243
1 278 881
1 432 709
0 882 890
0 210 214
1 115 770
0 606 613
0 619 622
0 291 301
1 731 10
1 14 673
1 871 620
0 316 317
1 169 684
0 12 15
0 645 646
0 552 553
0 937 940
0 975 979
1 717 434
1 554 481
1 812 934
0 474 481
0 351 359
0 690 691
1 809 177
0 427 436
0 960 964
1 280 80
0 14 16
0 292 298
1 342 119
0 771 777
0 252 253
1 99 707
0 454 462
0 674 675
1 370 249
1 113 308
1 974 353
1 777 112
1 165 935
1 981 513
0 872 879
1 259 11
1 133 188
0 460 461
0 16 23
1 619 433
0 671 672
1 354 106
1 34 468
1 127 149
1 545 974
1 116 569
1 812 868
1 532 85
0 520 530
1 990 784
1 289 183
0 608 618
1 931 886
0 887 890
1 853 812
1 594 52
0 133 134
0 343 349
1 942 309
1 749 425
0 258 259
1 725 727
1 381 28
0 371 375
0 476 483
1 682 226
0 303 313
0 460 466
0 214 222
0 586 587
1 292 5
1 437 143
0 648 657
1 612 180
0 65 68
0 682 684
0 338 340
1 991 941
1 496 829
1 699 306
1 459 556
1 405 660
1 507 167
1 954 735
0 189 192
1 10 667
1 931 673
0 918 924
0 939 948
0 600 601
1 619 747
1 789 197
0 874 880
1 245 664
1 565 41
0 277 282
0 80 83
1 398 265
0 822 824
1 677 789
0 508 513
1 963 885
1 854 63
0 350 358
1 405 511
0 372 379
1 641 641
0 571 575
1 812 263
1 856 320
1 556 894
1 612 346
1 719 560
1 626 665
1 242 496
1 522 958
1 416 99
0 32 39
0 981 991
0 615 624
1 673 896
1 91 34
1 825 614
1 562 714
0 857 860
1 764 974
0 681 691
1 80 636
0 436 439
0 294 302
1 965 631
0 162 170
0 886 891
0 843 844
1 669 181
0 308 312
1 717 470
1 394 220
0 564 572
1 346 1
1 426 884
0 620 622
0 458 459
1 903 645
1 589 456
0 155 159
1 210 687
0 79 87
1 278 726
1 762 342
1 779 945
1 436 530
0 646 648
0 590 592
1 648 552
0 908 911
1 238 943
1 607 928
0 672 673
0 139 149
0 893 896
1 509 151
0 578 584
0 357 366
1 861 588
0 359 360
0 467 472
1 517 802
0 100 110
1 876 800
0 964 974
1 146 822
1 208 427
1 47 218
1 385 413
1 462 14
1 17 625
0 917 920
0 2 3
0 843 849
0 877 882
0 621 624
1 311 832
0 652 654
0 947 957
1 83 805
0 753 762
0 880 881
1 873 245
0 745 746
1 246 525
1 328 92
1 281 449
1 150 194
0 466 472
1 459 186
0 635 641
0 105 106
0 57 66
0 532 536
1 32 56
0 548 556
1 294 709
1 485 146
0 661 668
1 494 977
1 837 276
0 418 428
0 358 361
1 158 586
1 128 672
1 176 585
1 225 632
1 550 639
0 805 807
0 801 804
1 825 465
1 858 579
1 188 22
1 919 775
1 994 103
0 346 356
1 283 341
0 176 177
1 548 922
0 923 930
1 552 27
0 336 341
0 410 418
1 764 215
1 520 673
1 979 881
0 291 297
1 950 538
1 471 251
1 108 638
0 569 574
1 836 634
1 604 425
0 622 630
0 179 189
1 243 164
0 434 439
0 277 284
0 47 51
0 661 667
1 910 804
0 140 141
1 677 570
0 667 673
0 226 235
1 875 409
0 816 821
1 278 245
0 83 86
0 560 567
1 765 777
0 953 961
0 123 131
0 67 77
1 873 220
0 558 563
0 120 122
1 112 420
0 679 681
1 818 945
0 644 654
0 65 69
1 251 115
0 474 475
0 141 144
0 705 706
1 836 900
0 910 913
0 70 79
1 327 287
0 318 321
1 242 502
0 596 598
1 574 281
1 316 326
0 299 300
0 475 478
0 774 781
0 335 341
1 559 653
1 806 198
0 860 867
1 106 205
1 69 443
1 904 8
1 427 837
1 771 13
1 52 726
0 140 150
0 540 541
1 795 878
0 433 439
0 314 316
0 366 376
1 513 889
1 913 285
0 617 621
1 31 411
0 745 750
1 157 412
1 84 88
1 615 690
1 681 904
0 727 734
1 209 184
0 432 442
1 275 798
0 235 243
1 348 622
0 496 499
0 664 672
0 821 822
1 813 128
1 649 331
1 79 162
0 696 697
1 295 158
1 299 946
0 317 320
0 907 910
0 258 260
1 547 777
1 944 94
1 747 736
0 608 613
1 880 874
1 140 814
1 677 473
1 454 943
0 396 402
1 592 54
1 951 304
1 655 264
1 219 18
0 236 241
1 90 224
1 675 280
1 558 846
1 727 13
0 141 148
0 89 93
1 218 745
0 251 255
1 897 387
1 77 680
1 379 791
0 592 598
0 501 502
0 258 265
0 352 360
0 193 200
0 461 468
1 475 844
0 648 656
0 945 946
1 982 624
1 265 835
1 8 439
1 56 516
1 550 61
1 569 447
0 982 991
0 671 674
1 349 191
1 750 959
1 387 321
1 431 882
0 96 103
0 81 86
1 387 575
0 721 722
1 432 675
1 811 219
0 321 331
0 338 343
0 208 209
0 218 226
0 256 260
0 457 459
0 135 141
1 14 503
1 262 836
1 120 444
0 641 645
0 808 817
1 79 228
1 151 982
0 143 147
1 771 335
1 86 38
1 904 399
1 858 221
0 841 845
0 909 919
0 130 134
1 33 770
0 27 32
1 378 289
1 864 596
0 389 398
0 922 924
0 726 733
0 701 702
1 308 547
1 131 80
1 41 271
1 535 552
1 451 111
1 884 314
1 885 839
0 956 965
1 494 831
1 458 456
1 439 93
0 188 195
1 109 102
1 568 692
0 226 228
1 525 979
1 830 332
0 253 261
0 885 889
1 90 971
0 411 420
0 948 956
1 245 48
0 766 776
0 268 277
1 523 481
1 634 298
1 680 996
0 225 231
0 942 945
0 43 49
1 471 786
0 422 432
0 619 629
0 362 366
0 435 436
1 522 986
0 525 529
0 592 595
1 126 646
0 85 91
1 18 66
1 632 204
0 414 418
0 682 683
1 711 607
1 960 849
0 618 621
1 574 723
0 99 104
0 415 424
0 928 930
0 337 343
1 521 664
0 364 374
1 912 607
1 110 384
0 347 351
1 292 304
0 187 188
1 482 295
1 669 816
0 656 658
1 827 696
0 838 844
1 329 747
1 25 645
1 84 76
0 407 415
1 982 774
1 459 355
0 315 321
0 480 487
0 169 173
1 938 203
1 166 149
1 802 520
1 934 620
0 882 883
1 571 425
1 320 613
0 802 804
1 40 55
0 8 14
1 911 973
0 181 187
0 23 26
0 253 258
1 977 975
1 814 735
1 348 243
0 145 149
0 104 113
0 875 878
0 44 54
0 742 748
0 449 455
0 807 816
1 941 251
0 378 382
1 710 85
0 603 604
0 800 808
1 708 989
1 781 4
0 729 730
1 448 691
1 220 664
1 346 947
1 736 222
0 588 598
1 829 339
1 358 465
0 408 418
1 27 441
1 838 223
1 290 895
1 64 273
0 876 878
1 514 353
0 716 720
0 69 70
1 228 685
0 236 242
0 80 90
1 183 661
1 313 618
0 274 280
0 583 584
1 397 351
1 35 40
1 21 518
0 977 985
0 960 965
1 108 807
0 680 682
0 683 689
0 629 637
0 652 657
0 180 186
1 367 328
0 915 916
0 306 315
0 430 438
0 443 452
1 475 301
0 24 29
1 669 138
1 931 646
1 684 303
1 443 987
0 706 707
0 568 572
1 702 498
1 46 923
1 333 156
1 526 57
0 154 163
1 604 76
0 360 361
0 717 718
1 349 862
1 156 277
1 859 126
1 216 156
0 478 487
1 705 97
1 765 308
0 452 457
1 151 65
0 308 313
0 619 628
1 853 665
1 26 498
1 150 398
1 972 168
1 929 37
0 732 740
0 244 253
1 483 650
0 152 153
1 495 254
0 685 691
1 595 260
1 939 789
0 278 279
0 166 170
1 830 488
1 88 609
1 973 330
0 730 737
0 775 779
1 847 480
-1
