1000 4000
1 2
1 3
1 4
3 5
4 6
5 7
4 8
8 9
7 10
4 11
3 12
7 13
10 14
6 15
14 16
13 17
17 18
14 19
11 20
11 21
12 22
20 23
15 24
20 25
17 26
17 27
27 28
24 29
22 30
22 31
30 32
26 33
33 34
32 35
27 36
28 37
36 38
35 39
38 40
31 41
40 42
34 43
37 44
44 45
36 46
39 47
40 48
39 49
48 50
46 51
46 52
48 53
50 54
49 55
46 56
47 57
53 58
55 59
51 60
60 61
57 62
57 63
59 64
58 65
61 66
61 67
63 68
65 69
61 70
68 71
68 72
70 73
71 74
65 75
75 76
73 77
72 78
73 79
73 80
77 81
74 82
82 83
82 84
76 85
82 86
78 87
84 88
83 89
86 90
83 91
83 92
90 93
91 94
88 95
91 96
93 97
90 98
97 99
99 100
97 101
92 102
97 103
94 104
95 105
105 106
100 107
107 108
99 109
109 110
104 111
105 112
104 113
108 114
107 115
115 116
108 117
114 118
114 119
116 120
118 121
113 122
122 123
118 124
121 125
117 126
120 127
125 128
122 129
120 130
122 131
128 132
129 133
129 134
133 135
134 136
132 137
130 138
129 139
132 140
138 141
138 142
140 143
135 144
143 145
136 146
142 147
143 148
141 149
147 150
142 151
145 152
151 153
153 154
149 155
151 156
149 157
156 158
151 159
152 160
155 161
153 162
156 163
158 164
157 165
163 166
165 167
167 168
162 169
161 170
164 171
163 172
166 173
169 174
169 175
174 176
176 177
175 178
175 179
172 180
179 181
178 182
180 183
183 184
175 185
180 186
178 187
183 188
183 189
187 190
190 191
186 192
184 193
188 194
187 195
194 196
193 197
195 198
191 199
190 200
198 201
197 202
201 203
202 204
198 205
205 206
199 207
203 208
206 209
203 210
207 211
202 212
205 213
213 214
205 215
213 216
210 217
212 218
213 219
215 220
211 221
218 222
220 223
216 224
223 225
222 226
219 227
225 228
226 229
221 230
222 231
227 232
230 233
225 234
230 235
232 236
233 237
231 238
238 239
239 240
233 241
234 242
238 243
239 244
244 245
245 246
242 247
242 248
246 249
242 250
246 251
247 252
244 253
253 254
254 255
246 256
249 257
257 258
252 259
252 260
260 261
261 262
254 263
260 264
255 265
257 266
266 267
259 268
259 269
263 270
261 271
264 272
271 273
265 274
267 275
267 276
270 277
276 278
271 279
276 280
280 281
272 282
280 283
281 284
282 285
279 286
280 287
279 288
288 289
286 290
286 291
290 292
292 293
285 294
294 295
295 296
288 297
290 298
296 299
293 300
292 301
295 302
302 303
298 304
301 305
305 306
304 307
299 308
301 309
309 310
310 311
306 312
310 313
311 314
307 315
313 316
313 317
309 318
318 319
312 320
312 321
316 322
318 323
316 324
324 325
322 326
318 327
322 328
324 329
320 330
330 331
329 332
329 333
325 334
334 335
335 336
330 337
330 338
338 339
330 340
334 341
332 342
341 343
342 344
344 345
337 346
338 347
345 348
347 349
343 350
341 351
347 352
345 353
345 354
349 355
348 356
347 357
357 358
356 359
354 360
354 361
352 362
356 363
355 364
355 365
364 366
357 367
362 368
359 369
366 370
365 371
366 372
365 373
373 374
369 375
368 376
369 377
371 378
378 379
371 380
372 381
380 382
382 383
376 384
381 385
379 386
383 387
385 388
379 389
388 390
383 391
387 392
387 393
385 394
392 395
386 396
394 397
390 398
398 399
391 400
396 401
394 402
395 403
395 404
399 405
404 406
399 407
403 408
406 409
402 410
403 411
411 412
407 413
404 414
409 415
410 416
411 417
417 418
417 419
410 420
412 421
416 422
417 423
422 424
415 425
423 426
419 427
424 428
423 429
423 430
426 431
430 432
431 433
428 434
433 435
435 436
429 437
434 438
435 439
439 440
438 441
439 442
442 443
440 444
435 445
445 446
440 447
440 448
448 449
448 450
450 451
445 452
444 453
451 454
450 455
450 456
455 457
450 458
450 459
452 460
458 461
454 462
453 463
456 464
458 465
465 466
462 467
460 468
461 469
465 470
469 471
471 472
468 473
473 474
472 475
472 476
474 477
475 478
478 479
477 480
474 481
475 482
477 483
479 484
481 485
481 486
484 487
487 488
488 489
482 490
488 491
490 492
491 493
490 494
489 495
487 496
495 497
496 498
494 499
497 500
500 501
495 502
501 503
494 504
499 505
500 506
503 507
503 508
508 509
503 510
503 511
508 512
510 513
505 514
510 515
507 516
513 517
515 518
514 519
512 520
514 521
514 522
515 523
522 524
517 525
521 526
519 527
520 528
528 529
528 530
528 531
525 532
531 533
526 534
529 535
535 536
532 537
537 538
534 539
530 540
533 541
534 542
540 543
536 544
542 545
540 546
538 547
542 548
547 549
540 550
546 551
542 552
548 553
553 554
547 555
554 556
550 557
553 558
554 559
553 560
554 561
554 562
554 563
560 564
562 565
556 566
560 567
562 568
567 569
561 570
568 571
563 572
571 573
569 574
573 575
567 576
568 577
568 578
575 579
575 580
577 581
575 582
576 583
578 584
582 585
579 586
581 587
586 588
582 589
588 590
582 591
589 592
588 593
593 594
592 595
592 596
593 597
592 598
595 599
594 600
595 601
598 602
599 603
594 604
604 605
601 606
606 607
607 608
600 609
608 610
609 611
607 612
606 613
606 614
612 615
608 616
615 617
614 618
610 619
616 620
614 621
621 622
615 623
615 624
622 625
620 626
622 627
627 628
623 629
629 630
625 631
627 632
627 633
628 634
626 635
631 636
633 637
635 638
631 639
638 640
639 641
641 642
641 643
636 644
638 645
641 646
638 647
638 648
642 649
643 650
645 651
649 652
650 653
653 654
654 655
653 656
653 657
657 658
657 659
656 660
651 661
658 662
660 663
656 664
659 665
659 666
662 667
658 668
659 669
664 670
670 671
671 672
672 673
669 674
672 675
671 676
669 677
677 678
672 679
670 680
677 681
675 682
679 683
680 684
678 685
676 686
680 687
679 688
683 689
684 690
687 691
684 692
684 693
691 694
685 695
695 696
690 697
690 698
690 699
694 700
691 701
697 702
696 703
700 704
695 705
705 706
703 707
706 708
700 709
704 710
709 711
711 712
704 713
705 714
713 715
715 716
714 717
715 718
711 719
715 720
715 721
719 722
722 723
716 724
716 725
717 726
722 727
719 728
723 729
725 730
725 731
728 732
724 733
728 734
733 735
730 736
736 737
735 738
737 739
734 740
735 741
733 742
738 743
743 744
743 745
743 746
746 747
742 748
742 749
747 750
743 751
746 752
745 753
752 754
746 755
755 756
751 757
750 758
750 759
757 760
759 761
757 762
761 763
757 764
763 765
756 766
762 767
763 768
761 769
769 770
764 771
764 772
771 773
768 774
768 775
767 776
776 777
775 778
778 779
774 780
774 781
780 782
775 783
779 784
777 785
779 786
783 787
779 788
783 789
788 790
782 791
783 792
784 793
784 794
790 795
790 796
795 797
795 798
791 799
795 800
800 801
794 802
801 803
802 804
798 805
798 806
799 807
804 808
804 809
807 810
807 811
811 812
803 813
804 814
814 815
807 816
808 817
813 818
813 819
813 820
820 821
820 822
814 823
816 824
819 825
818 826
818 827
821 828
827 829
820 830
821 831
827 832
825 833
829 834
834 835
827 836
832 837
832 838
836 839
839 840
832 841
835 842
835 843
835 844
835 845
837 846
841 847
842 848
844 849
847 850
849 851
847 852
849 853
853 854
846 855
853 856
854 857
850 858
857 859
855 860
857 861
856 862
862 863
858 864
862 865
859 866
863 867
861 868
867 869
863 870
865 871
868 872
868 873
868 874
871 875
866 876
868 877
877 878
877 879
874 880
880 881
873 882
880 883
880 884
876 885
885 886
877 887
881 888
888 889
889 890
889 891
890 892
887 893
890 894
889 895
890 896
889 897
896 898
894 899
891 900
893 901
897 902
897 903
898 904
899 905
903 906
901 907
898 908
902 909
900 910
908 911
909 912
909 913
909 914
909 915
909 916
907 917
916 918
916 919
910 920
914 921
919 922
913 923
916 924
923 925
919 926
923 927
926 928
920 929
929 930
929 931
922 932
923 933
926 934
928 935
932 936
934 937
937 938
937 939
937 940
939 941
932 942
938 943
940 944
941 945
936 946
944 947
942 948
940 949
946 950
943 951
949 952
948 953
948 954
954 955
947 956
952 957
957 958
953 959
959 960
956 961
960 962
958 963
962 964
964 965
965 966
963 967
959 968
959 969
964 970
963 971
964 972
965 973
973 974
968 975
972 976
968 977
968 978
972 979
971 980
975 981
973 982
979 983
976 984
977 985
979 986
980 987
983 988
983 989
983 990
989 991
982 992
986 993
990 994
993 995
995 996
993 997
991 998
990 999
998 1000
396 404
509 512
291 299
857 866
978 981
833 837
881 890
346 353
60 68
446 450
140 145
565 566
99 108
146 154
355 363
150 158
985 992
562 571
605 608
119 125
31 34
12 17
730 737
44 49
11 16
846 854
219 220
918 921
841 842
62 67
552 557
314 315
667 670
651 657
610 613
892 902
273 278
868 869
244 252
410 417
423 424
128 135
352 358
537 547
662 669
609 613
811 815
368 378
974 982
878 881
788 791
876 883
912 921
332 335
360 363
672 678
539 545
507 512
390 392
325 335
648 655
29 35
147 152
646 650
145 148
397 401
580 588
947 953
92 93
39 41
569 570
824 833
524 532
497 506
753 762
712 714
660 661
758 759
619 629
460 462
203 207
166 168
638 643
3 7
69 77
182 184
43 44
718 720
485 487
954 956
58 67
432 436
718 722
104 109
958 968
727 731
700 701
638 639
952 959
890 897
943 949
680 688
732 739
922 925
896 902
40 44
129 130
808 818
906 912
895 903
222 227
399 403
719 725
869 878
436 446
172 181
672 676
780 785
762 768
215 225
566 575
88 90
620 630
209 217
717 724
451 453
712 716
198 200
787 790
333 334
14 21
436 440
240 250
525 526
354 355
33 42
927 934
631 637
9 17
917 922
407 416
361 365
118 125
766 768
967 969
597 602
585 590
164 166
174 178
449 459
420 430
292 298
359 366
571 581
647 651
36 42
306 310
33 36
70 75
314 316
807 815
483 490
692 699
621 626
934 938
237 246
136 142
203 205
920 924
905 911
626 628
232 241
494 495
792 793
737 745
878 885
645 655
776 780
338 345
957 961
948 956
147 153
155 165
657 663
443 453
777 780
321 325
187 193
775 777
815 821
974 980
468 472
817 818
747 748
62 70
676 677
980 986
661 664
639 646
919 921
433 434
777 781
32 33
977 986
627 631
597 600
551 558
422 427
387 394
66 76
814 822
80 82
355 358
980 983
955 963
808 816
428 430
233 238
145 155
669 679
637 640
244 254
487 491
762 763
120 124
984 989
556 557
988 995
934 935
636 641
255 256
452 459
622 626
333 343
990 997
914 918
793 803
569 578
230 237
10 16
935 936
917 920
310 320
67 68
223 227
823 828
837 840
443 452
405 407
667 674
318 326
183 185
552 558
473 479
298 308
922 931
16 19
711 721
138 140
252 261
611 620
789 796
925 931
941 946
724 734
126 133
224 231
527 528
855 862
650 659
805 810
38 42
418 423
742 751
404 411
892 897
678 688
936 940
370 376
9 13
964 969
139 144
479 482
418 424
275 281
695 697
340 341
112 113
348 353
443 451
320 327
685 693
5 6
933 939
756 762
355 362
351 354
660 667
461 462
205 209
896 897
2 5
788 794
502 504
81 90
409 412
279 280
23 25
496 505
107 114
805 812
797 804
162 172
311 317
50 52
141 146
248 254
618 624
692 700
340 350
14 15
884 889
275 277
612 614
294 302
333 335
723 724
342 347
256 265
825 826
11 19
90 92
76 79
767 777
697 700
576 578
455 463
25 32
711 718
708 716
958 967
430 438
507 511
477 481
600 607
146 148
595 600
580 586
437 442
358 367
140 147
768 770
563 571
941 943
705 712
216 226
315 316
241 249
32 34
642 650
899 904
260 262
716 720
405 410
679 682
445 453
63 71
760 761
709 710
536 542
651 652
948 952
969 976
957 966
389 398
398 400
524 529
615 625
126 136
381 383
499 509
169 177
573 578
386 391
880 886
28 29
105 111
644 645
722 732
193 194
151 152
599 602
670 674
123 130
392 400
297 305
552 555
674 681
366 371
268 278
184 187
465 468
785 786
342 352
873 875
31 32
28 33
82 87
791 794
639 648
103 105
740 746
787 788
717 723
319 323
754 757
210 219
181 190
813 823
745 754
608 613
878 887
447 451
367 375
401 405
212 214
238 242
504 509
283 288
334 338
232 235
526 529
714 721
249 255
302 307
822 829
118 128
795 803
546 549
230 238
543 549
43 51
601 610
156 161
405 411
578 582
525 530
662 668
137 144
509 510
748 752
262 270
870 877
180 189
512 516
619 620
625 626
871 880
503 509
468 477
623 626
417 421
759 762
753 758
874 875
504 505
498 504
511 519
453 456
439 443
212 217
821 826
171 172
713 723
268 271
800 807
653 655
108 112
336 345
508 517
837 841
705 709
160 170
773 775
90 94
601 605
56 65
125 127
76 82
27 30
734 739
831 837
919 927
540 547
665 671
435 442
225 235
661 667
268 277
267 277
516 526
366 373
315 317
785 794
886 896
802 807
527 535
30 38
859 869
418 426
663 665
548 551
826 831
172 173
791 792
587 597
283 290
550 552
55 57
716 719
19 29
751 752
603 610
906 913
618 621
106 107
236 244
821 830
693 700
734 744
683 687
580 583
920 927
57 67
858 861
142 148
41 43
690 691
188 198
7 15
706 711
640 647
879 881
69 70
644 650
599 606
745 755
448 454
6 7
176 184
913 920
365 368
251 252
774 775
474 475
712 720
909 917
736 740
318 328
337 344
912 913
605 613
498 503
933 934
692 696
848 851
815 816
37 43
324 326
756 763
541 546
159 168
757 763
612 617
908 913
732 738
382 389
820 823
53 60
799 804
529 536
938 939
878 883
697 703
47 49
982 987
973 979
687 695
847 853
870 880
426 435
413 415
323 329
270 279
585 595
399 400
933 938
839 848
429 436
614 624
213 222
406 411
591 596
927 933
853 855
379 383
953 957
823 830
475 480
729 737
452 454
892 900
527 529
465 475
35 38
969 972
465 473
94 100
156 162
614 616
155 156
407 409
497 504
496 497
87 97
895 900
801 802
973 978
142 145
325 330
498 500
149 151
791 793
291 301
436 437
135 140
861 867
626 632
283 289
174 182
327 329
382 384
827 833
175 180
664 673
413 423
45 55
217 219
541 547
307 314
795 805
5 15
935 941
769 776
845 848
630 636
28 30
620 628
941 942
455 462
245 253
873 878
905 907
15 16
751 760
5 13
537 545
983 986
298 303
369 370
21 31
49 54
385 391
743 752
159 161
931 933
877 886
810 812
816 818
164 172
652 655
51 58
761 771
808 810
752 761
837 838
490 493
123 133
913 915
466 474
822 831
509 519
794 800
23 27
777 783
584 587
515 516
804 806
469 475
188 192
319 329
240 248
676 685
297 299
86 93
888 897
706 707
620 622
866 874
410 414
615 621
908 917
136 137
786 791
632 639
155 163
891 893
530 532
810 820
709 715
364 371
877 883
579 588
111 117
861 870
652 658
252 257
72 73
565 569
711 714
29 34
207 212
518 526
75 85
546 555
656 661
769 774
630 637
759 767
231 235
95 101
314 320
126 131
964 966
266 273
20 30
671 673
259 260
715 724
669 676
570 574
647 654
106 116
243 250
883 884
39 42
397 402
79 89
20 22
247 248
613 616
438 447
883 886
586 596
938 942
730 735
683 690
21 22
661 668
191 197
507 517
308 312
579 581
858 862
278 284
982 983
213 223
581 582
897 901
785 790
276 282
240 244
254 262
530 538
636 638
898 902
439 446
639 642
322 324
935 937
175 183
301 311
283 291
549 556
150 159
135 139
150 155
390 399
589 594
229 234
930 939
570 580
384 388
783 785
187 188
543 547
748 750
619 623
511 515
136 145
833 840
886 894
88 92
859 865
329 338
641 644
337 338
564 565
224 233
742 747
103 113
557 561
923 932
559 566
539 548
505 512
160 165
620 629
260 265
251 255
804 810
428 438
205 208
185 193
710 714
848 852
471 475
544 550
238 245
506 511
10 18
891 895
329 334
737 741
676 682
253 258
87 88
502 510
613 619
970 973
442 444
603 606
500 504
402 404
633 640
523 527
968 969
124 129
336 339
610 618
624 631
812 818
609 614
873 877
874 883
557 567
836 845
803 810
802 805
55 65
291 293
601 608
702 703
45 53
247 250
75 77
599 601
669 672
585 589
154 157
291 297
442 447
459 464
83 84
766 773
923 930
657 660
733 738
621 630
26 30
840 843
334 342
4 9
94 98
426 434
13 23
509 513
485 488
398 406
218 225
344 348
746 749
577 582
76 83
267 269
975 977
958 960
127 134
460 463
466 472
350 354
543 550
258 261
246 252
354 359
689 696
914 920
853 859
856 865
979 989
861 865
476 480
857 867
391 401
103 111
773 779
841 848
895 899
807 808
724 730
985 990
969 971
163 167
211 215
93 95
459 469
901 908
943 948
639 645
800 802
169 171
783 784
70 72
535 541
165 168
33 41
847 848
465 474
157 163
908 916
123 132
853 863
664 671
984 990
980 989
8 14
940 950
587 588
277 282
55 56
353 361
473 481
645 650
156 164
234 239
275 284
112 120
81 84
681 690
898 906
151 158
197 206
694 698
862 866
476 485
323 330
334 337
270 276
533 542
839 844
530 535
341 342
551 556
833 841
714 723
493 498
28 31
956 957
464 470
203 211
678 679
409 414
873 874
596 605
885 887
879 889
260 267
62 68
444 452
159 169
786 789
966 975
131 138
529 537
687 693
682 683
423 428
986 987
155 162
110 114
555 564
162 167
98 102
850 852
974 983
137 139
617 622
731 736
325 326
287 295
245 250
293 303
697 699
460 470
117 124
975 984
935 942
581 591
421 428
388 394
609 615
300 305
982 990
513 514
210 213
100 105
259 266
419 423
940 942
633 642
951 952
699 709
184 192
148 155
641 648
253 262
976 977
170 174
37 42
855 861
875 885
583 584
40 49
323 332
765 771
897 907
487 493
112 121
386 387
130 131
950 957
660 668
538 546
376 380
59 65
191 192
200 206
397 407
652 654
516 522
171 173
338 344
828 830
109 114
96 106
314 322
71 75
443 445
90 100
344 354
798 801
597 603
601 609
876 879
177 180
249 252
224 234
659 668
838 842
928 934
415 423
649 659
58 61
884 891
946 953
911 916
484 488
886 890
110 117
701 707
692 701
451 452
536 543
926 931
468 475
161 163
197 207
409 413
158 166
517 521
53 63
117 119
86 95
799 806
796 802
680 689
48 54
294 297
950 958
479 483
38 43
106 113
174 180
972 974
652 659
633 643
377 379
927 936
921 927
450 457
350 357
219 229
44 54
364 370
583 585
840 846
500 507
632 635
338 348
794 804
368 377
321 323
185 188
378 383
802 811
747 752
119 127
838 848
749 759
743 753
458 467
163 168
916 922
306 308
644 647
715 719
464 466
444 445
151 155
605 607
840 842
352 361
773 781
743 750
737 746
165 170
921 922
616 626
839 846
617 620
954 959
335 340
199 202
644 648
131 139
258 267
472 482
786 792
188 191
768 778
259 265
843 851
107 117
699 704
393 402
558 568
362 366
987 993
696 697
439 448
687 696
878 884
802 812
571 574
963 968
758 761
840 845
527 537
663 664
480 490
496 502
598 608
860 867
168 172
928 929
930 934
472 481
871 878
216 221
702 705
205 210
661 669
630 635
800 805
121 122
667 669
168 174
644 652
978 983
271 275
644 649
218 227
157 158
650 652
681 691
424 433
429 431
125 133
117 120
870 878
263 273
937 942
443 450
204 212
400 409
44 53
802 810
260 268
851 852
831 833
677 684
819 821
68 70
958 966
253 259
889 894
420 421
576 577
764 769
860 865
521 527
131 137
87 93
250 256
471 480
863 864
737 743
622 623
770 779
258 264
813 822
773 778
192 194
486 491
651 656
547 551
341 350
561 569
898 903
506 509
234 240
54 57
930 935
663 666
255 261
164 169
221 226
658 661
655 659
68 73
86 96
385 389
796 799
80 89
730 738
977 981
278 288
874 879
868 876
875 879
924 926
517 527
661 662
70 78
192 193
715 725
673 680
844 845
364 372
233 239
6 16
874 882
401 411
681 684
569 575
623 624
608 617
749 754
541 550
321 330
262 271
689 695
871 881
782 792
506 513
612 613
550 556
583 591
329 331
116 123
776 782
473 482
533 543
456 465
139 141
88 89
257 260
396 402
147 148
914 917
189 196
741 742
123 124
740 744
137 138
300 301
581 590
243 253
798 802
476 486
936 942
886 889
925 927
949 959
283 285
750 757
186 193
385 387
505 507
256 260
924 933
284 286
162 170
443 449
601 603
440 443
624 629
770 776
921 926
710 720
420 426
674 675
149 150
706 710
283 292
361 364
204 211
133 139
212 220
116 119
955 958
148 149
448 455
518 521
666 668
273 277
514 520
301 302
779 787
942 949
422 432
47 52
18 19
383 393
937 946
75 80
693 699
134 141
666 672
954 964
174 183
6 14
296 300
911 913
396 399
845 846
491 499
943 945
472 477
93 98
13 22
354 358
78 82
653 662
796 804
639 649
727 732
493 503
98 104
375 381
499 507
638 641
106 111
829 839
944 952
315 321
966 973
144 148
576 586
140 148
824 830
921 930
152 155
186 194
493 499
765 768
505 513
129 138
326 335
211 220
930 940
456 460
140 141
682 692
48 58
410 415
323 331
275 279
863 868
471 481
575 584
143 147
406 407
389 397
542 546
628 635
618 626
147 156
371 372
702 710
495 504
408 417
873 876
478 484
856 859
586 592
451 459
343 351
374 375
328 337
48 52
632 634
100 108
547 552
48 51
411 419
281 289
942 947
647 656
360 361
965 967
534 544
818 819
713 718
40 43
432 434
124 126
582 588
269 270
463 467
189 198
427 435
951 959
865 875
141 145
326 328
792 794
745 746
493 496
683 692
883 889
856 863
65 72
293 296
731 735
128 137
68 77
539 543
346 349
195 199
335 342
947 951
447 450
224 229
759 763
727 730
79 84
308 311
815 823
901 911
243 245
427 433
359 361
92 96
25 34
939 946
27 33
606 609
513 518
438 440
281 290
457 462
129 136
771 781
208 210
690 692
277 285
167 173
372 376
648 649
792 802
936 943
360 362
548 549
219 221
561 563
499 504
130 137
656 666
75 82
603 613
353 357
809 811
395 402
378 386
331 340
477 484
452 461
462 472
147 154
990 1000
718 725
533 535
458 464
358 360
287 291
130 133
939 943
782 790
915 918
420 428
449 452
426 428
245 251
760 763
274 283
250 253
250 251
924 932
358 359
868 870
307 310
80 84
939 940
652 660
383 390
34 41
589 595
785 787
872 876
688 697
202 208
680 682
220 229
371 373
953 961
650 657
12 16
488 493
504 506
688 693
393 400
760 768
46 47
456 461
536 539
357 363
592 594
764 767
774 779
390 400
833 834
346 350
269 274
15 22
855 859
501 505
435 438
561 571
695 698
78 88
174 177
915 921
800 808
720 722
872 878
342 346
783 791
350 360
285 286
635 637
561 566
911 914
923 926
434 436
50 57
373 383
558 563
846 853
305 314
556 560
402 409
408 413
626 629
675 684
397 399
737 747
727 735
573 583
575 577
882 890
820 826
170 176
719 729
734 737
237 245
893 899
825 828
854 858
604 611
564 569
435 441
935 944
479 489
113 116
791 800
649 654
253 261
743 749
206 210
18 23
832 835
907 909
448 452
940 941
366 368
420 423
9 19
593 602
299 301
869 873
258 262
155 157
646 652
976 981
836 846
713 714
723 730
492 500
796 798
973 976
618 623
922 929
869 876
885 894
33 39
805 814
435 444
538 544
920 922
975 976
574 582
968 972
405 412
871 874
249 253
975 980
890 900
141 148
9 11
369 378
688 692
305 310
26 29
48 56
413 416
545 549
494 497
70 80
623 628
367 377
970 974
494 500
967 970
958 965
501 511
708 714
296 306
884 888
718 728
903 910
812 816
932 937
918 920
872 879
514 518
236 241
876 881
720 721
526 532
331 332
438 448
194 198
126 129
538 548
533 539
34 42
976 979
619 625
470 479
696 701
764 774
401 402
86 91
676 684
751 758
755 758
325 327
866 867
855 858
257 265
971 973
113 119
243 249
464 465
172 176
565 572
326 329
956 966
12 13
688 698
944 953
944 945
956 965
99 104
981 987
425 427
539 541
833 843
664 668
363 372
755 759
362 372
496 501
204 214
748 755
773 776
950 953
538 539
370 375
913 922
954 962
175 184
360 370
827 828
798 807
284 288
228 230
860 864
130 139
557 562
176 186
978 988
702 711
336 343
288 293
338 346
83 88
405 409
911 919
816 822
142 149
307 309
19 22
31 38
207 217
190 193
564 566
938 940
567 577
155 159
892 894
295 298
608 612
906 909
555 562
735 745
987 992
560 568
348 351
431 432
119 122
252 262
535 537
670 677
612 622
854 862
437 446
716 726
862 869
707 709
810 818
832 833
91 93
214 216
701 708
751 756
385 386
345 346
624 630
976 980
255 259
637 644
621 625
413 420
709 718
479 488
237 247
292 296
320 329
253 256
89 96
433 442
832 834
478 486
184 185
355 360
782 783
572 578
679 680
859 867
989 996
848 849
947 954
297 306
793 798
165 171
221 229
908 910
658 659
592 601
902 905
360 367
453 455
192 196
396 403
624 628
746 756
600 606
745 749
798 799
697 704
331 334
686 690
41 45
797 799
797 806
87 96
462 468
785 789
111 115
144 154
3 8
253 263
280 282
42 48
436 444
692 695
530 537
972 982
402 412
634 643
41 47
33 35
160 169
975 979
775 784
322 332
93 102
129 137
57 66
427 429
590 600
653 663
287 292
961 968
57 58
192 197
396 397
185 186
197 203
341 347
924 925
185 195
941 951
681 685
981 991
708 715
15 23
891 901
107 116
597 601
563 565
400 408
972 978
167 176
390 394
157 164
625 635
168 175
767 771
888 895
82 88
900 902
275 283
547 553
808 814
290 296
575 585
9 14
162 166
775 785
580 590
695 704
714 719
653 658
91 100
429 434
788 796
944 950
928 936
46 55
704 707
844 854
37 40
763 769
823 829
813 821
967 973
590 594
812 814
363 365
343 352
272 274
98 101
47 56
557 564
177 186
345 355
531 540
970 979
738 746
760 764
922 927
592 599
720 726
476 478
148 157
897 904
419 425
90 95
588 596
514 515
561 565
758 767
658 660
49 58
642 651
587 592
702 706
157 167
200 210
101 102
421 430
483 488
678 683
844 850
531 538
335 339
297 303
728 730
795 799
936 939
918 925
384 389
182 183
42 52
930 931
767 772
23 28
144 146
902 904
416 425
942 950
412 416
289 290
185 187
408 411
965 974
376 378
156 157
272 280
316 326
460 469
546 548
114 116
567 575
408 409
555 563
974 979
683 693
538 542
15 18
328 333
848 853
536 546
127 130
444 447
399 409
216 217
173 178
207 209
312 317
541 551
652 661
19 25
411 418
347 350
587 591
680 690
258 259
426 427
342 345
234 238
320 322
772 781
429 438
619 626
355 359
26 27
305 308
449 456
40 41
890 899
565 575
644 651
361 369
267 270
113 123
902 907
709 717
121 131
834 843
549 551
866 871
382 391
482 491
512 519
846 848
135 141
339 343
308 314
77 79
654 662
269 278
811 813
378 381
246 255
277 287
828 831
726 730
748 757
930 938
666 667
832 840
631 640
245 247
525 531
406 410
947 949
586 591
800 804
397 400
367 369
932 934
655 662
486 496
228 232
675 680
162 163
372 374
510 517
102 104
536 540
282 288
355 357
733 734
710 719
882 884
508 516
737 744
309 313
632 640
29 36
221 222
428 435
405 415
467 473
241 247
129 135
912 916
635 642
421 424
255 263
503 512
442 452
269 272
262 267
914 922
281 286
331 341
161 166
327 330
657 664
982 989
250 255
87 95
976 986
234 243
653 659
327 337
950 952
335 343
634 639
704 714
273 275
164 167
654 664
985 995
757 761
604 609
782 786
766 769
104 108
569 579
402 403
897 906
829 833
236 240
306 307
958 961
328 335
363 367
780 789
488 497
299 309
89 91
746 753
163 169
568 572
12 15
533 537
462 470
509 511
154 158
446 454
49 56
881 883
216 223
243 248
24 33
607 610
727 736
448 456
320 328
903 913
320 324
185 189
981 986
123 131
557 559
971 981
5 8
499 501
69 79
728 731
289 295
657 667
436 443
467 469
412 418
483 487
449 451
492 494
845 850
669 673
766 774
822 824
929 934
842 850
463 473
846 856
941 947
543 544
489 499
411 415
631 634
668 669
939 949
857 865
749 752
889 892
955 964
649 658
473 483
728 736
316 325
484 492
591 593
10 13
438 445
625 627
866 870
951 957
517 520
504 511
134 139
53 62
324 327
151 157
948 958
177 183
832 836
856 864
442 448
461 464
738 742
50 59
955 959
160 163
437 440
227 230
304 310
654 657
424 426
896 905
603 605
209 214
553 556
750 753
733 743
91 92
235 243
85 88
489 492
968 976
269 279
606 615
335 341
506 516
190 196
914 923
667 672
289 294
476 482
482 489
830 837
305 307
340 344
810 814
120 122
781 787
260 263
35 43
586 589
681 689
88 97
605 610
223 230
98 100
749 758
195 196
712 719
468 476
640 646
51 61
934 936
830 834
5 9
578 579
976 978
754 761
965 972
2 10
95 103
662 672
22 24
1 8
404 407
537 544
630 640
689 692
816 826
842 846
205 211
8 16
146 147
611 612
539 546
625 629
465 472
694 701
63 64
971 974
571 577
266 275
262 269
935 945
25 26
208 217
285 295
749 750
550 555
621 624
778 788
341 349
258 263
951 961
633 635
209 218
318 321
594 596
924 928
448 457
386 388
761 767
929 936
264 273
852 857
121 129
895 902
441 451
807 812
551 552
227 229
669 678
418 419
762 771
504 508
202 206
299 302
818 822
727 734
710 715
101 106
824 829
186 190
228 235
299 304
56 63
378 387
661 671
248 257
960 969
335 338
601 604
358 364
64 70
770 774
197 200
475 477
353 358
313 314
698 707
779 789
486 495
632 636
167 175
428 432
332 333
392 401
146 153
163 164
309 314
569 571
429 430
302 308
474 484
198 202
822 828
663 667
256 257
841 845
530 533
717 720
812 820
820 828
520 521
442 445
225 230
699 705
526 536
559 562
303 312
160 166
60 64
85 87
313 319
106 110
416 423
590 598
622 632
574 577
351 356
854 864
607 611
349 356
389 395
857 864
65 71
272 276
451 456
928 937
713 722
333 341
312 316
380 387
939 947
732 737
410 419
932 939
779 782
290 295
505 515
344 351
841 846
466 476
120 126
204 207
253 255
602 606
824 828
638 646
57 60
152 161
912 914
711 715
239 249
124 134
112 122
103 110
361 363
8 13
505 511
288 292
341 345
245 252
518 522
327 331
231 240
335 337
812 821
279 282
46 50
204 206
267 271
849 857
331 339
368 374
729 739
434 437
851 859
558 561
859 862
744 747
3 10
112 116
110 111
677 685
116 125
432 442
624 633
211 218
553 559
158 162
417 427
632 642
767 768
314 317
703 706
268 269
249 251
15 19
98 106
546 547
413 422
645 653
769 777
444 454
87 92
777 786
293 298
316 320
842 852
933 937
684 688
92 101
787 797
876 886
865 873
408 415
96 105
59 62
950 951
959 967
45 48
761 766
509 517
702 704
226 228
465 469
617 621
987 991
670 675
799 803
811 817
340 346
296 304
555 561
320 323
591 597
140 144
865 870
237 242
333 336
662 664
637 645
514 516
495 499
181 191
53 61
127 129
101 110
298 306
414 419
494 498
278 282
685 694
615 622
934 942
792 798
121 126
461 467
739 743
375 382
547 557
714 716
458 462
209 210
752 755
98 103
152 156
962 963
349 354
668 677
293 294
882 885
593 598
282 289
265 269
452 462
726 731
468 474
281 282
797 803
850 855
939 945
481 483
822 827
451 461
751 753
831 835
431 437
558 567
755 763
442 451
629 637
7 11
382 385
966 969
66 70
797 807
566 570
628 631
427 437
370 377
398 405
943 950
484 486
955 956
864 865
850 851
894 897
108 118
506 507
490 498
499 500
7 14
879 884
870 875
168 170
816 819
808 812
139 143
226 236
213 217
473 478
831 834
168 177
286 295
732 740
926 927
640 648
226 233
258 266
532 533
346 355
558 564
152 159
334 344
256 266
404 412
528 538
967 968
667 677
248 251
703 713
679 686
598 604
260 270
602 608
761 770
717 725
551 555
506 510
375 380
795 796
722 724
188 195
648 652
688 690
967 974
78 83
45 52
851 855
195 202
656 658
528 534
717 721
696 705
747 753
844 847
391 399
988 993
145 149
428 431
115 122
305 315
513 519
85 94
476 477
749 756
157 160
418 421
598 607
668 672
676 679
532 534
292 295
488 490
446 449
56 66
431 440
673 677
558 562
682 686
425 433
444 450
17 21
878 882
670 678
29 38
869 872
733 741
407 410
106 112
265 271
581 583
896 899
85 89
985 987
718 719
197 205
793 802
212 215
15 17
830 833
899 902
419 429
385 395
201 210
303 308
834 836
12 20
160 164
214 220
520 527
626 627
616 619
484 493
879 886
275 280
464 469
143 150
407 408
989 993
961 970
871 877
672 677
853 862
589 597
308 315
345 349
394 404
240 247
61 64
167 169
591 592
64 65
708 711
153 156
629 639
805 815
161 169
166 175
906 916
314 321
332 336
46 48
649 655
888 891
86 88
238 248
76 77
641 651
607 609
144 149
969 975
902 903
657 661
66 67
679 689
2 7
725 727
102 103
875 880
59 69
694 697
365 366
32 37
117 118
787 793
489 497
983 985
495 503
447 448
691 693
829 837
662 670
101 105
224 226
206 208
421 422
250 254
664 666
971 978
13 20
404 410
490 500
630 633
424 429
257 263
512 513
611 619
726 728
356 366
607 613
386 393
229 233
849 856
174 181
623 632
19 27
55 64
186 191
274 281
723 731
671 681
739 748
142 152
477 485
189 197
288 291
391 393
777 787
225 227
604 614
882 889
398 401
625 634
323 326
154 161
170 172
884 893
693 701
214 221
697 706
247 254
811 818
191 198
511 518
45 50
519 523
351 358
15 25
10 19
494 503
282 287
34 37
245 254
506 515
332 340
654 660
848 856
980 981
498 499
295 305
112 117
949 951
765 775
658 666
73 83
955 962
146 151
46 49
588 592
479 485
550 558
16 20
688 695
733 739
572 573
689 694
259 262
346 347
166 172
309 315
642 645
464 474
302 312
154 159
900 909
266 271
783 790
817 820
284 291
835 839
472 479
394 396
268 274
969 979
797 798
315 323
183 186
10 15
516 519
674 683
934 939
880 882
229 232
277 284
708 712
97 107
143 153
337 340
789 799
518 520
817 819
901 906
121 124
373 378
108 116
480 489
521 529
427 436
125 132
979 981
247 251
122 128
748 756
911 917
406 413
988 989
16 18
195 205
548 555
784 786
433 438
347 351
428 437
42 47
750 755
51 59
782 788
16 21
496 504
353 355
954 963
187 192
202 207
6 8
744 748
576 585
510 514
292 302
258 268
793 800
177 179
345 351
634 644
306 314
888 892
533 534
723 733
358 368
246 248
899 906
696 698
904 913
774 777
361 362
683 684
193 203
485 494
246 253
198 203
430 440
790 797
251 261
689 693
695 702
430 431
357 366
840 844
565 574
97 106
570 573
207 216
429 435
728 729
126 132
0 421 422
1 433 687
0 128 137
1 452 112
1 129 871
0 851 859
1 693 798
0 458 462
1 35 379
1 492 325
0 740 746
1 46 209
0 337 340
0 253 256
1 311 58
0 978 981
1 697 962
1 713 182
1 364 184
0 257 260
0 536 539
1 743 781
0 45 52
1 700 754
0 418 423
1 365 43
1 75 397
0 147 152
1 541 142
0 612 622
0 932 939
0 561 571
0 723 730
0 434 437
0 745 749
0 46 47
1 377 702
0 720 726
1 862 27
1 863 366
1 290 934
1 789 73
0 489 492
1 986 20
1 210 38
0 982 983
0 787 788
1 249 411
1 251 564
1 29 818
0 548 549
1 570 100
0 437 446
0 955 962
1 148 974
0 676 677
0 924 928
1 24 700
1 548 142
1 143 112
0 250 251
1 390 301
0 44 53
0 71 75
1 72 821
1 446 348
1 546 785
0 410 414
0 57 58
1 723 153
1 659 294
0 429 436
1 183 970
0 676 679
1 256 325
0 573 578
1 314 765
1 778 410
1 818 672
0 703 713
1 507 560
0 3 10
1 790 287
0 211 215
1 66 715
1 932 201
0 452 459
1 701 871
1 475 727
0 605 608
1 298 654
0 934 935
1 553 150
1 441 976
0 300 301
0 448 455
0 418 424
0 702 703
0 751 760
0 478 484
0 49 54
1 58 598
0 355 359
1 589 424
0 134 139
1 994 247
0 87 88
0 921 927
1 415 29
0 221 222
0 367 369
1 295 145
0 168 174
0 581 590
0 471 481
1 38 49
1 551 853
1 181 598
1 450 221
1 393 444
0 257 263
1 914 648
1 540 607
0 709 715
0 436 446
0 158 162
1 795 600
0 798 802
1 622 531
0 476 478
1 366 873
1 202 111
0 125 127
0 19 22
1 166 687
0 620 629
0 316 326
0 277 284
1 155 824
1 873 924
1 450 745
1 67 874
1 223 749
1 774 318
0 438 447
0 853 855
1 77 258
1 944 523
0 419 429
0 862 866
0 842 846
1 963 528
1 102 935
0 177 180
0 661 668
1 888 727
1 478 394
0 251 252
0 876 881
0 936 939
1 658 250
0 844 850
1 369 573
0 13 20
0 8 14
0 360 367
1 355 305
1 955 76
0 204 212
1 245 585
1 438 200
0 471 475
1 695 614
1 169 587
0 866 870
0 616 626
0 890 900
1 485 81
0 441 451
1 191 493
0 275 280
1 898 222
0 401 411
0 842 852
0 200 210
0 41 45
0 16 21
1 255 96
0 747 748
1 350 891
1 761 214
0 306 307
0 86 91
0 342 345
0 518 526
0 988 995
1 834 817
1 305 824
1 681 532
0 888 892
0 569 570
0 97 107
0 885 894
0 692 700
0 639 642
1 419 600
0 80 82
1 814 722
1 229 692
1 154 603
0 984 990
0 868 876
0 605 607
0 59 62
1 193 421
0 638 643
1 431 477
1 83 332
1 986 814
0 791 794
1 579 374
0 895 900
0 777 780
0 748 755
0 986 987
0 170 172
0 980 983
0 449 451
1 956 904
1 860 940
0 193 203
0 754 757
0 942 950
0 355 360
0 908 910
0 460 469
0 348 351
0 293 296
0 333 343
0 107 114
0 288 292
1 698 501
0 566 575
0 297 306
1 978 657
0 250 255
0 226 233
1 113 889
0 184 192
0 835 839
0 878 883
1 986 737
0 537 547
0 16 19
1 569 713
0 292 298
1 597 746
0 125 133
1 874 866
0 949 951
0 783 791
1 553 47
0 55 65
0 404 410
1 253 904
1 516 780
0 29 35
0 508 517
1 491 544
1 974 851
1 595 152
0 505 507
1 518 389
0 200 206
1 311 553
1 85 457
0 26 30
0 108 112
1 60 167
0 756 762
0 621 626
1 708 270
0 749 754
1 121 175
1 962 613
0 211 218
0 198 200
1 421 569
1 403 768
0 538 542
1 704 159
1 529 880
1 358 309
0 446 449
0 435 444
1 173 770
1 241 217
0 259 265
0 597 600
0 267 269
0 414 419
1 981 161
0 935 944
1 65 958
0 801 802
0 65 72
0 882 890
1 871 603
1 26 5
0 461 464
0 267 271
1 770 292
1 282 988
1 31 614
0 589 597
0 354 355
1 410 816
0 396 402
0 460 462
0 185 189
0 272 274
0 267 277
1 277 800
1 79 123
0 856 865
1 873 959
1 386 872
0 293 298
0 855 861
1 782 584
0 609 614
1 773 612
0 129 136
0 137 139
1 52 592
0 156 161
0 880 886
1 904 467
1 327 803
1 375 506
1 791 73
1 131 959
0 167 169
1 543 928
0 667 677
1 863 685
0 767 768
1 525 687
1 974 955
0 32 37
0 238 242
0 285 295
1 611 351
0 494 498
1 94 882
1 578 181
1 628 712
0 797 803
0 653 658
0 634 644
1 698 463
1 352 412
1 160 463
0 785 787
1 86 684
0 796 802
1 731 383
0 593 602
1 888 446
1 506 294
0 23 25
0 657 661
0 473 482
0 51 58
1 125 998
1 246 146
0 621 630
1 215 510
1 550 421
1 557 99
1 920 575
1 779 296
1 397 363
0 683 687
1 334 508
1 798 103
0 332 340
1 549 348
1 112 335
1 115 916
0 685 694
0 188 191
0 134 141
1 715 491
1 585 746
0 585 589
1 853 714
0 51 59
1 725 671
0 12 13
0 537 545
1 56 479
1 881 33
1 905 678
1 324 908
0 219 229
0 102 104
0 862 869
0 893 899
0 326 335
0 638 641
1 387 716
1 204 317
1 905 197
1 109 788
0 413 415
0 167 176
0 966 975
0 465 468
1 613 226
1 708 666
0 837 840
0 249 255
1 827 328
0 976 981
0 271 275
1 771 153
0 476 486
1 772 743
1 98 152
1 59 257
0 62 68
1 929 419
1 831 158
0 712 719
1 181 299
0 733 743
0 782 786
0 833 840
0 332 335
0 972 974
1 200 33
1 422 249
1 416 212
1 980 282
0 175 184
0 592 599
0 246 252
1 882 524
1 954 41
0 971 981
0 31 32
0 18 23
0 69 77
0 857 864
0 216 217
1 430 889
1 510 649
1 208 437
1 129 211
1 865 580
0 934 939
0 747 753
1 401 255
0 188 192
0 851 852
0 448 452
0 822 831
0 802 805
0 675 684
0 841 845
0 427 435
1 327 83
0 406 413
1 94 31
0 827 828
0 938 940
1 130 534
0 195 199
0 404 407
1 92 273
0 786 792
1 215 743
0 533 542
0 108 118
1 102 890
1 283 353
1 256 945
1 547 291
0 316 320
1 798 562
0 92 93
0 749 759
1 397 662
0 649 655
0 961 968
1 932 249
1 178 257
0 974 982
0 436 443
0 763 769
0 553 559
1 54 310
0 371 372
1 787 994
1 66 238
0 103 105
1 112 770
0 899 904
1 291 664
0 965 974
1 968 979
0 861 867
1 337 914
0 715 725
1 292 73
1 503 851
1 452 126
0 155 159
0 576 586
0 632 636
1 467 684
1 329 212
1 876 875
1 474 300
1 499 42
1 670 811
0 315 316
1 391 723
0 18 19
1 719 926
0 865 873
0 50 52
1 12 961
1 952 686
0 358 367
0 428 438
0 758 759
0 287 295
0 297 305
0 236 241
1 556 953
0 23 27
1 116 514
0 678 679
0 509 513
1 585 385
1 230 309
0 958 960
0 911 913
1 269 761
1 529 418
0 75 82
1 417 136
0 172 173
0 576 577
1 972 141
0 706 711
1 574 705
0 475 480
0 357 366
1 569 46
1 202 754
0 936 942
0 385 395
0 507 512
1 712 800
1 186 635
1 676 433
1 949 496
1 916 77
1 797 908
0 8 13
0 33 36
1 700 100
0 513 519
0 981 986
0 442 447
0 775 784
0 370 377
1 275 696
1 881 772
0 410 417
1 587 808
1 926 232
1 583 203
0 396 403
0 373 383
1 278 433
0 127 134
0 498 500
1 770 613
1 900 272
1 109 459
1 764 445
1 285 995
0 689 692
1 303 438
1 347 51
1 397 566
0 70 80
1 732 585
0 331 341
1 677 926
0 394 404
0 793 803
1 382 790
1 326 934
0 856 863
1 318 669
1 36 236
1 793 471
1 609 100
1 47 654
0 816 819
0 645 655
1 270 998
1 869 576
0 810 820
0 848 852
1 940 222
1 786 817
1 824 48
1 398 19
1 35 467
1 942 53
1 805 840
0 25 32
1 500 651
0 338 348
1 439 133
0 559 566
1 83 20
0 391 399
0 857 867
1 230 722
0 933 937
1 324 752
1 667 486
1 755 843
0 536 542
0 217 219
0 450 457
0 260 265
0 896 905
1 122 291
1 438 603
1 994 347
0 53 60
1 211 827
0 908 913
0 379 383
1 735 675
1 640 611
0 586 589
0 808 812
1 863 302
1 577 195
0 597 601
1 122 221
0 698 707
0 708 711
0 126 131
0 175 180
1 6 740
1 168 823
1 209 740
0 102 103
0 570 580
0 727 730
1 424 230
1 586 371
1 259 945
0 144 149
1 58 548
0 6 16
0 344 354
1 565 886
0 590 600
1 365 362
0 504 506
0 492 500
1 231 791
0 679 682
0 761 766
0 663 664
0 638 639
1 248 990
1 167 388
0 713 718
1 798 735
0 459 469
1 910 235
1 476 357
1 266 491
0 922 927
0 188 195
1 212 248
1 514 971
0 112 120
0 507 517
1 202 702
0 474 475
0 560 568
1 995 538
1 836 487
0 558 561
0 530 532
0 866 867
0 573 583
1 856 656
0 405 410
1 538 335
0 145 155
1 732 136
1 784 807
1 721 377
0 644 648
0 585 595
0 795 799
1 281 713
1 463 564
0 199 202
1 498 931
1 25 574
0 110 111
0 779 789
0 692 695
0 895 903
0 28 33
1 688 657
0 677 685
0 355 362
1 193 532
1 715 97
0 773 776
0 150 159
0 373 378
1 182 485
1 368 240
0 832 833
1 661 858
0 298 306
0 636 641
0 147 148
0 747 752
1 629 268
1 191 85
1 843 368
0 793 802
0 488 490
1 717 292
0 878 887
1 10 913
0 151 152
0 340 350
0 728 731
0 410 415
0 331 332
1 880 501
0 514 515
0 632 635
0 342 352
1 483 836
0 941 946
1 10 590
0 551 556
0 366 373
1 374 183
0 329 331
1 581 942
1 979 114
0 926 927
0 234 240
1 553 70
0 533 537
1 404 373
1 136 359
1 217 15
1 847 978
1 743 243
1 261 693
1 91 66
1 239 144
1 223 470
1 313 576
0 142 145
1 150 459
0 843 851
0 496 504
0 581 583
0 882 885
1 70 217
0 435 442
0 767 772
1 215 974
0 282 288
0 65 71
1 672 556
0 121 124
0 870 875
1 615 211
1 318 801
1 994 93
0 654 662
0 670 674
1 346 718
1 206 40
1 62 762
0 607 610
1 206 815
0 293 294
0 813 823
1 648 630
0 731 736
1 190 489
1 846 775
0 428 435
1 530 189
1 223 937
1 344 746
1 797 582
0 912 914
1 417 112
0 83 88
0 694 701
0 913 915
1 521 830
1 443 571
1 979 572
1 91 700
0 838 842
0 667 672
0 979 989
0 404 411
0 813 821
0 493 499
0 31 34
0 976 978
1 696 802
1 269 794
0 418 426
0 465 475
1 18 150
0 505 512
1 12 550
1 665 848
1 458 999
1 284 487
0 468 475
0 530 533
1 660 699
1 694 902
0 75 80
0 928 929
1 404 559
1 955 371
0 341 350
1 837 870
1 150 39
1 136 828
0 817 818
1 711 750
0 805 812
1 501 801
0 221 229
0 212 220
1 575 252
1 310 234
0 886 890
0 769 774
1 30 349
1 745 933
0 506 513
0 645 650
0 756 763
1 730 135
1 251 359
0 678 683
1 512 893
1 441 565
0 822 824
1 797 449
1 922 989
1 911 833
0 443 449
0 637 645
1 790 897
1 628 260
0 640 647
1 794 212
0 182 184
1 374 174
1 698 555
0 857 865
0 697 706
1 291 709
0 777 787
1 508 845
0 654 664
0 167 175
1 671 337
1 446 893
1 505 55
1 623 473
1 359 722
1 508 807
0 543 547
0 723 731
1 827 626
1 606 841
1 539 383
1 755 334
1 51 108
0 525 526
1 335 621
1 894 578
1 110 765
1 8 499
0 968 969
1 712 883
1 571 952
0 745 746
0 903 910
0 503 512
0 185 187
1 728 363
1 73 400
0 87 92
1 553 893
0 438 448
0 987 991
1 71 204
1 431 484
0 320 328
0 476 480
0 62 67
0 2 5
0 885 887
0 252 257
0 207 209
1 539 981
1 182 220
0 45 55
1 158 754
0 693 701
0 184 187
0 205 209
1 917 705
1 559 628
0 397 401
0 952 959
0 870 880
0 346 355
0 106 107
1 136 293
1 334 129
1 807 51
1 821 892
0 608 613
0 846 856
0 914 920
0 811 813
0 72 73
1 791 560
1 137 723
1 490 179
1 963 942
1 3 570
0 351 358
1 655 103
0 129 130
1 467 757
0 218 227
1 577 320
0 591 596
0 278 288
0 717 720
0 786 789
1 447 340
1 720 4
0 518 521
0 2 7
0 492 494
0 792 798
1 633 796
0 207 212
0 695 697
0 726 728
0 934 936
0 63 71
0 139 143
1 263 6
0 877 886
1 608 395
1 289 841
0 80 84
0 335 339
0 45 53
0 44 49
0 111 117
1 142 584
0 34 37
0 434 436
0 782 788
0 254 262
0 736 740
1 430 264
1 413 553
0 448 454
0 811 817
1 44 868
0 402 403
1 59 282
0 914 922
0 941 947
0 149 151
0 464 466
0 624 633
1 307 477
0 940 950
0 358 364
1 538 258
1 130 257
0 699 704
0 497 504
1 128 753
0 908 917
1 189 986
1 484 527
0 715 724
0 398 401
1 772 524
0 482 491
0 269 274
0 825 828
0 985 987
0 101 106
1 195 319
1 983 828
0 490 493
1 948 235
1 136 885
1 636 728
1 400 944
0 536 543
1 175 140
0 331 339
1 308 332
1 203 216
0 509 519
0 385 389
1 97 344
0 417 421
0 963 968
1 510 392
0 930 938
1 264 400
0 306 310
0 760 764
1 604 577
0 408 415
0 981 991
0 255 259
1 413 1000
0 376 380
1 354 585
1 4 502
0 782 783
0 408 413
0 939 943
0 267 270
1 286 356
1 781 983
1 628 926
0 10 16
0 160 170
1 145 736
0 717 724
1 617 976
1 106 526
0 153 156
1 957 445
0 209 214
0 533 543
0 649 659
0 511 515
1 610 907
0 141 146
1 192 592
0 260 263
0 421 430
1 354 924
0 302 307
1 716 617
0 144 146
0 689 695
1 123 349
1 532 635
1 640 255
1 586 890
1 48 470
1 297 792
1 469 266
1 625 234
1 763 353
1 480 105
0 810 812
0 240 248
0 946 953
1 764 418
0 689 696
0 429 438
1 917 636
0 969 972
0 103 113
1 280 324
0 712 714
1 924 231
0 362 366
1 926 830
0 623 624
0 716 720
1 417 135
0 363 365
0 529 536
0 798 807
1 60 655
1 422 444
0 853 863
0 982 990
1 443 561
0 714 723
0 731 735
0 663 666
0 449 452
1 469 305
1 157 576
1 390 416
1 637 760
0 386 393
0 660 668
0 247 248
1 542 56
1 925 24
1 396 414
1 737 609
1 638 857
1 35 209
1 708 505
1 889 189
0 283 285
1 71 892
1 572 845
1 806 686
0 210 213
0 709 718
1 238 658
0 120 124
0 795 803
0 345 351
0 396 399
0 167 173
0 805 810
1 278 927
1 13 529
1 221 790
0 601 603
1 736 755
0 890 897
1 556 72
0 855 859
0 615 621
1 566 43
1 890 773
1 592 8
1 829 834
1 370 533
1 789 269
0 696 698
1 824 641
0 64 70
0 925 931
0 109 114
1 278 419
1 98 975
1 715 777
0 702 706
1 554 249
1 360 322
1 128 824
0 344 351
0 150 155
1 978 957
0 574 577
0 85 94
0 830 837
0 121 122
0 213 223
1 78 715
1 528 486
0 683 692
0 686 690
1 94 512
0 15 22
1 591 405
1 96 376
0 934 942
1 185 349
1 112 590
0 683 684
1 668 491
1 88 818
0 656 658
0 527 529
1 824 378
1 724 479
0 702 705
0 398 400
1 55 761
0 539 548
0 421 428
1 614 735
1 91 642
0 358 359
0 504 511
0 38 42
0 869 878
1 597 281
1 214 768
0 408 409
0 130 133
0 565 572
1 310 587
0 642 651
0 773 778
0 559 562
1 736 9
1 765 925
1 192 401
1 398 596
1 580 834
1 815 406
0 717 723
0 10 19
1 292 481
0 793 800
0 625 629
0 781 787
0 920 922
1 584 36
0 863 864
1 254 526
1 14 938
1 945 904
1 314 572
0 652 659
0 732 738
0 273 277
1 848 902
1 889 586
1 261 96
0 679 686
1 977 170
1 82 940
0 227 229
1 230 413
1 523 122
1 257 961
1 157 156
1 434 253
1 373 123
0 881 890
1 211 737
1 285 923
1 320 67
0 445 453
1 232 476
1 302 550
1 713 407
0 185 195
0 750 757
1 450 759
0 619 620
1 667 4
0 138 140
0 55 57
1 813 374
0 539 543
1 987 807
0 6 8
0 608 617
0 595 600
0 477 481
1 617 9
0 526 529
1 563 361
1 278 916
1 843 65
0 135 141
1 820 232
0 218 225
0 879 884
0 869 872
1 306 254
1 739 180
1 444 151
0 546 555
1 34 64
1 309 768
0 565 574
0 525 530
0 116 123
0 103 110
0 924 926
1 676 742
1 538 792
0 562 571
1 759 553
1 194 591
0 652 658
1 403 58
0 580 588
0 921 930
0 626 632
1 483 228
1 347 145
0 5 6
0 443 452
1 875 331
0 99 108
1 27 873
1 889 996
1 842 588
0 836 846
0 941 951
1 689 376
1 620 404
1 705 809
1 539 89
1 376 340
1 668 160
0 935 941
0 91 93
1 801 449
0 960 969
0 133 139
1 581 356
0 203 205
0 939 947
1 384 84
0 620 630
1 337 153
0 426 428
1 692 331
1 374 877
0 664 666
1 849 383
0 101 105
0 915 921
1 317 792
0 123 124
1 741 128
1 439 835
0 971 973
0 601 605
0 353 357
1 650 830
0 335 343
0 93 102
0 168 175
1 784 792
1 582 774
1 534 623
0 68 77
0 582 588
1 994 96
1 703 118
0 641 644
1 660 212
1 703 202
0 696 705
0 924 925
0 766 774
1 762 520
1 99 182
0 292 295
1 297 520
0 436 440
0 170 176
1 44 839
0 250 253
1 517 514
0 696 697
1 478 841
0 518 520
0 426 435
0 553 556
1 157 750
0 443 451
0 244 254
0 547 552
0 976 977
1 111 31
0 494 495
0 419 425
1 660 160
1 122 408
0 465 472
0 69 70
0 152 159
0 642 645
0 622 632
0 359 361
1 540 302
1 261 488
1 951 918
0 364 372
1 982 56
0 587 592
0 530 535
1 37 854
0 283 292
1 742 585
0 906 912
0 357 363
0 900 909
0 490 498
1 422 992
0 812 820
0 268 269
1 24 498
0 425 427
0 955 959
0 911 917
0 569 579
0 965 972
0 468 474
0 43 51
1 216 918
0 388 394
1 196 708
1 126 542
0 970 974
1 482 153
0 664 668
1 180 892
0 933 939
0 651 656
1 280 109
0 385 387
1 804 917
1 90 714
1 325 321
1 835 51
0 181 191
1 878 181
1 434 24
1 789 180
0 504 505
0 598 608
1 940 58
0 372 376
0 430 431
0 567 577
1 628 878
1 283 451
0 444 454
1 204 139
1 253 132
0 462 470
1 359 638
1 346 879
0 911 916
1 795 535
0 930 939
0 53 62
1 657 857
1 963 302
0 244 252
0 256 265
0 620 628
0 888 897
1 212 7
1 86 545
0 28 30
1 506 988
1 483 672
0 258 266
0 80 89
0 750 753
1 570 767
1 740 133
0 916 922
0 312 316
1 301 557
1 808 8
1 682 425
1 138 583
1 769 876
0 921 926
0 755 763
1 62 635
1 46 639
0 623 626
0 799 803
0 947 953
1 470 443
1 35 897
0 329 338
1 235 808
1 404 104
0 506 515
0 827 833
0 571 581
1 558 950
1 418 946
1 88 776
0 648 652
1 312 462
1 101 977
1 415 50
0 751 752
0 233 239
1 806 364
0 606 609
1 513 738
1 688 512
0 538 544
1 572 443
0 829 833
1 192 723
0 676 682
1 539 70
0 62 70
1 141 627
0 99 104
1 226 737
1 1000 576
0 204 211
1 884 659
1 167 208
0 371 373
1 365 856
1 686 984
1 287 280
0 322 324
1 921 391
0 831 834
1 786 662
1 246 492
0 148 149
0 948 956
0 954 956
1 900 261
1 981 916
0 557 559
0 569 575
1 323 885
1 386 922
1 754 837
0 878 882
0 256 257
0 626 627
0 411 419
1 445 710
0 839 846
0 247 251
0 625 626
0 299 304
0 162 170
0 266 271
1 818 34
1 834 847
0 124 129
0 305 315
1 307 922
1 573 96
1 735 400
0 56 65
1 33 641
0 667 669
0 727 735
0 648 649
0 746 753
0 55 56
1 412 836
1 821 767
1 258 163
1 458 642
1 656 861
1 572 349
1 483 752
1 374 288
0 489 497
0 222 227
0 848 851
1 874 229
0 295 305
1 32 444
0 662 670
1 381 232
0 246 255
0 898 906
0 298 303
1 882 587
1 552 316
1 357 921
1 426 731
0 711 714
0 902 903
1 336 518
1 103 596
0 603 605
0 275 284
1 711 102
0 590 598
0 792 802
0 785 794
1 998 110
0 435 438
0 268 274
0 274 281
0 650 659
0 829 839
1 152 549
0 468 477
1 488 421
0 815 823
1 963 44
0 505 511
1 255 289
0 859 869
1 714 6
1 520 393
0 709 717
1 772 787
0 465 474
1 338 793
1 820 682
1 6 239
1 586 397
1 140 99
1 357 245
1 153 239
0 570 573
1 595 577
1 965 387
0 519 523
1 720 115
1 891 204
1 73 538
1 32 715
0 209 218
0 775 777
0 290 295
1 920 273
1 167 711
1 672 883
1 284 144
1 146 979
1 751 136
1 72 578
1 977 892
0 98 102
1 596 166
0 847 848
1 146 257
1 127 264
0 112 122
0 201 210
1 509 226
0 290 296
1 884 163
0 764 767
0 294 297
1 404 255
0 990 1000
0 426 427
0 122 128
0 310 320
1 793 295
1 391 26
1 65 194
0 928 937
0 590 594
0 802 811
0 339 343
0 958 966
0 303 312
1 13 478
0 774 779
0 630 636
0 822 829
0 12 15
0 925 927
1 580 535
0 980 986
1 6 676
1 582 854
1 926 265
0 907 909
0 795 805
0 311 317
1 675 421
0 9 17
0 82 87
1 869 584
1 597 185
1 618 624
1 282 958
0 142 149
0 505 513
0 947 951
1 659 244
1 706 930
1 463 464
1 295 816
1 46 352
1 326 856
0 223 227
0 914 923
1 51 824
0 307 314
1 730 654
0 727 731
0 831 837
0 363 372
1 44 214
1 697 359
0 485 487
0 318 326
1 772 984
1 503 414
0 440 443
0 780 789
0 630 640
0 283 290
0 950 953
1 818 545
0 933 934
1 679 966
1 654 138
1 475 514
0 653 662
1 937 313
1 884 289
0 908 916
0 333 341
0 135 139
0 48 54
1 49 386
1 431 645
0 420 421
0 528 534
0 32 33
0 270 276
0 273 275
0 10 15
0 396 397
1 435 348
1 823 848
0 599 601
0 31 38
0 680 689
0 206 210
1 669 167
0 531 540
0 613 616
0 601 604
0 486 495
0 557 567
1 767 293
1 649 369
1 507 470
1 238 172
0 324 327
1 553 341
0 664 671
1 867 602
0 509 512
0 234 243
1 846 350
0 219 220
1 910 299
0 198 203
1 166 660
1 955 773
0 9 19
1 121 307
1 539 529
1 624 18
0 156 164
0 749 752
0 118 125
1 751 395
0 874 879
1 912 605
1 654 584
0 39 41
0 294 302
0 15 23
1 362 542
0 929 934
0 94 98
1 149 739
0 306 308
1 850 23
0 942 947
1 626 741
1 350 298
0 449 459
1 733 234
0 428 431
1 228 557
1 234 335
0 378 381
0 663 665
1 579 574
0 812 821
1 139 473
0 249 251
0 337 344
1 13 621
0 247 254
1 540 870
0 561 566
0 494 500
1 731 203
0 571 574
0 484 493
0 409 412
1 741 572
0 328 337
0 382 384
1 500 315
0 641 648
1 562 141
0 871 880
0 888 891
0 561 565
0 195 196
1 150 403
1 22 791
1 504 800
0 361 365
0 713 722
1 556 409
1 989 350
0 517 520
1 975 1
1 835 485
1 995 902
1 908 420
0 173 178
0 953 961
1 527 543
1 703 124
1 386 217
1 412 954
1 595 925
1 617 838
1 72 523
1 272 613
1 303 85
1 241 428
0 332 336
1 456 10
1 498 25
0 204 214
1 97 946
1 449 796
1 572 337
0 181 190
0 210 219
0 381 383
0 291 301
0 985 992
1 822 291
1 673 518
1 671 819
0 366 371
0 479 488
1 747 97
0 988 993
1 552 208
1 931 304
0 515 516
1 290 709
0 33 35
0 905 911
0 442 445
1 705 440
0 833 841
1 966 293
1 22 209
1 502 950
0 717 721
0 737 744
1 876 305
0 20 30
0 514 516
1 770 227
1 809 537
1 94 234
1 920 834
0 980 989
0 288 291
0 498 503
0 410 419
0 788 796
0 490 500
1 287 134
1 464 364
1 567 156
1 149 685
0 146 153
0 66 70
1 472 499
0 296 300
0 688 695
0 140 144
1 86 673
0 100 108
0 447 451
1 230 49
0 918 925
0 3 7
0 5 9
1 661 415
0 57 66
0 89 91
1 345 480
1 352 535
0 209 210
0 451 459
0 350 357
1 495 864
1 876 7
0 692 696
1 323 850
1 732 839
0 965 967
0 828 830
1 967 551
1 311 234
1 770 555
1 740 858
1 783 103
0 438 445
1 77 141
1 702 13
0 100 105
0 355 363
0 329 334
0 451 452
0 662 664
1 572 548
1 14 363
0 463 473
0 919 927
0 544 550
0 258 264
1 880 174
0 864 865
0 939 946
0 361 369
0 974 980
1 293 816
1 391 410
0 429 430
0 121 131
1 931 590
1 331 492
1 874 166
0 696 701
0 83 84
1 290 354
1 216 380
0 969 975
0 166 175
1 478 768
1 512 720
0 599 602
0 266 275
1 795 135
0 919 921
0 439 443
1 632 372
1 803 23
1 284 123
1 157 410
0 687 693
1 415 134
0 477 485
1 829 958
1 758 994
1 713 748
1 374 223
0 35 38
0 737 741
0 782 792
1 675 208
1 409 346
0 108 116
1 954 946
0 421 424
0 152 161
0 140 141
1 388 976
1 862 241
1 764 882
0 365 366
0 842 850
0 76 82
1 460 367
1 335 454
0 587 591
1 394 368
0 493 496
0 365 368
1 436 436
0 334 337
1 240 490
0 392 401
0 331 340
0 404 412
0 630 637
0 9 11
1 779 507
1 181 546
0 644 647
1 77 218
1 764 478
0 754 761
1 761 324
1 152 227
1 873 358
1 349 646
0 123 132
0 727 736
0 564 565
0 500 507
0 517 521
0 326 329
0 710 720
0 639 646
0 240 247
0 335 340
0 15 18
1 437 951
1 505 399
1 886 121
0 107 116
0 928 934
1 287 104
1 762 404
0 817 820
1 213 960
0 340 344
0 19 25
0 262 269
1 891 60
0 845 850
0 112 117
0 823 830
0 779 782
1 36 848
0 372 374
1 334 253
1 824 294
1 426 22
0 328 333
1 102 867
0 501 511
0 42 47
0 260 262
0 602 608
0 255 256
0 163 164
0 779 787
1 609 106
1 311 185
1 652 530
1 668 796
0 264 273
1 447 737
0 422 432
0 751 758
1 480 928
1 701 899
0 892 900
0 269 278
1 289 320
0 527 535
0 538 546
1 31 469
1 339 83
0 314 321
0 828 831
1 8 259
0 551 558
1 131 506
1 135 308
0 411 415
1 440 305
1 809 7
0 840 842
1 819 672
0 513 518
1 172 259
0 323 330
0 366 368
1 550 568
0 446 450
1 950 993
0 356 366
1 285 502
1 730 511
1 943 211
1 195 836
1 135 400
1 250 74
1 99 892
1 360 755
0 833 834
1 563 794
1 69 913
1 417 767
1 352 659
0 797 807
1 952 931
1 400 803
1 642 43
0 737 747
0 778 788
1 652 954
1 921 688
1 981 172
1 933 601
0 971 974
0 225 230
1 3 349
0 224 233
0 783 785
0 859 865
0 399 400
1 280 129
1 476 336
1 1000 696
1 829 669
0 667 674
0 387 394
0 723 724
1 843 795
0 455 462
1 961 146
0 651 652
1 2 723
0 46 48
0 652 654
0 744 748
1 73 838
0 26 29
0 143 153
0 284 286
0 90 100
1 798 915
0 29 34
1 349 30
0 155 163
0 136 142
1 856 761
1 143 646
0 942 949
1 180 338
0 77 79
1 615 253
1 710 905
0 449 456
1 600 536
0 315 323
0 241 249
1 35 616
1 969 434
0 427 433
1 236 122
0 257 265
1 675 977
0 260 267
1 109 205
1 710 257
0 941 942
1 870 776
1 918 13
0 3 8
1 950 914
0 841 842
0 207 216
0 39 42
0 599 606
0 396 404
0 456 460
0 533 535
0 681 689
0 479 489
1 294 623
0 318 328
1 460 150
0 739 743
1 860 694
0 701 708
0 144 154
0 226 228
1 138 961
0 117 120
1 966 35
0 472 477
0 401 405
0 853 862
0 635 642
0 936 940
1 25 237
0 931 933
1 563 920
1 434 691
0 155 162
1 775 170
0 216 223
0 850 852
0 53 61
0 761 771
0 620 622
0 438 440
0 305 310
0 341 342
1 361 135
0 713 714
0 56 63
0 860 867
0 314 317
0 431 437
0 358 368
1 655 512
0 538 548
0 165 170
0 328 335
1 665 311
0 334 338
0 846 853
0 955 956
0 236 244
0 140 148
1 906 27
1 944 840
0 697 699
1 932 814
1 942 827
1 482 958
1 618 303
1 18 243
0 978 983
1 594 42
1 154 472
1 10 342
1 722 960
1 891 882
1 448 895
1 434 245
0 168 177
0 405 415
0 749 756
0 258 268
1 224 687
1 44 585
0 163 169
1 795 303
1 586 994
1 621 295
0 626 629
1 32 95
1 539 115
1 593 296
0 234 239
0 746 749
0 561 569
0 911 919
0 704 714
0 987 992
0 174 183
0 856 859
1 91 607
1 998 492
1 259 665
0 202 208
0 174 180
1 341 313
0 472 482
1 100 911
0 880 882
1 853 666
1 410 649
0 550 555
0 851 855
0 802 807
0 856 864
1 804 188
1 658 798
1 11 797
0 780 785
0 924 932
1 788 645
1 168 75
1 290 957
1 758 987
0 658 661
0 325 326
0 687 696
0 115 122
0 809 811
0 607 613
0 211 220
0 418 419
0 913 922
1 169 895
0 351 356
1 141 763
1 343 767
1 414 984
1 969 39
1 415 105
1 572 354
1 954 730
0 654 657
1 809 672
0 844 845
0 749 750
0 296 304
1 93 421
0 87 96
1 125 40
0 682 692
1 143 474
0 552 558
0 733 738
0 758 767
0 955 964
1 102 978
0 390 392
1 608 653
1 55 555
0 148 157
1 459 527
0 680 688
0 245 251
1 946 47
1 333 525
1 249 46
0 970 973
0 255 263
0 604 609
1 280 903
0 444 445
1 590 951
1 616 206
1 697 956
1 99 849
1 806 313
0 509 510
1 164 317
1 828 487
0 767 777
1 36 86
1 337 339
0 619 629
0 940 941
0 826 831
0 142 152
0 744 747
0 145 148
1 521 211
0 547 557
0 884 891
1 397 626
1 107 316
0 542 546
0 742 747
1 532 553
1 242 81
0 466 472
1 815 586
0 420 426
0 79 89
1 703 622
0 59 65
0 49 56
0 68 70
1 357 620
1 548 815
0 1 8
1 25 986
0 86 93
1 523 71
1 462 893
0 600 607
0 375 380
0 259 262
0 859 862
0 224 231
1 485 478
1 148 20
1 564 475
1 810 30
0 718 720
1 251 241
1 415 67
1 819 114
0 163 167
1 402 776
0 507 511
1 827 955
0 473 479
1 230 315
0 637 640
1 81 439
1 13 429
0 702 710
1 318 232
1 363 951
0 710 714
1 693 936
1 450 357
1 987 835
1 405 320
0 383 390
1 627 724
1 927 874
0 884 893
0 593 598
0 46 55
1 296 929
1 719 477
0 394 396
0 28 31
0 597 603
1 285 253
0 484 488
1 108 49
0 470 479
0 205 211
0 775 785
1 739 600
1 469 622
1 441 684
0 336 345
0 360 361
0 619 626
0 280 282
1 441 597
0 586 591
0 121 126
0 432 436
1 277 733
0 269 279
0 681 690
0 762 771
1 189 222
0 912 916
1 924 687
1 147 255
0 615 625
0 248 257
1 534 880
1 78 50
1 667 414
0 541 551
1 382 754
0 139 141
0 380 387
0 895 902
0 697 704
0 47 52
0 335 337
0 213 217
0 912 921
1 819 460
1 684 106
1 321 205
1 389 798
0 45 50
1 397 506
1 130 62
1 988 529
1 804 623
0 253 255
0 671 673
0 624 630
0 795 796
0 306 314
0 683 690
1 427 436
0 552 557
0 855 862
0 113 119
0 723 733
0 266 273
0 702 711
1 445 584
1 840 678
0 340 341
0 681 685
0 658 666
0 314 322
0 577 582
0 695 704
0 283 291
1 539 671
0 575 585
0 336 339
1 924 60
0 495 499
0 14 15
1 78 835
0 759 763
0 565 569
0 308 315
0 82 88
0 981 987
0 511 518
1 611 231
0 499 500
1 876 654
0 297 303
0 707 709
1 926 581
1 200 324
0 708 715
1 816 231
0 811 818
0 269 270
0 777 781
0 629 637
0 443 453
0 760 761
0 523 527
0 184 185
0 906 913
1 72 921
0 152 155
0 17 21
0 424 433
1 324 78
0 304 310
0 343 351
1 517 306
0 127 129
0 645 653
0 652 655
1 487 468
1 323 898
1 679 586
0 320 322
0 500 504
0 386 387
1 343 410
1 397 912
1 224 747
0 390 394
0 600 606
1 47 87
1 841 596
1 138 119
1 896 82
1 689 255
1 945 911
0 720 722
1 342 21
1 905 659
0 854 864
1 122 332
1 363 236
1 797 900
0 649 654
0 204 206
0 742 751
0 241 247
1 87 75
1 276 896
1 865 382
0 157 167
1 90 460
1 731 834
0 719 729
0 622 626
0 612 614
1 641 274
0 572 573
0 406 411
1 859 50
1 393 456
0 451 461
0 774 777
0 493 503
1 726 665
1 443 971
1 221 332
0 408 417
0 793 798
1 785 719
0 192 194
0 874 883
0 486 496
1 896 454
1 582 793
1 750 776
1 920 802
0 151 158
1 261 442
1 420 705
1 637 37
1 674 93
0 86 88
0 205 208
0 609 615
0 671 681
1 249 159
0 141 145
0 309 315
0 13 22
0 927 933
0 722 732
0 362 372
0 662 668
0 227 230
0 202 207
1 602 939
1 319 485
1 830 585
0 567 575
1 316 476
0 875 879
0 882 884
0 212 214
1 879 595
0 982 989
0 171 173
0 112 116
0 840 843
1 729 50
1 168 861
1 363 523
0 350 360
0 116 125
1 679 446
1 895 165
0 541 547
1 967 329
1 709 109
0 238 245
1 1 881
0 225 235
1 777 933
1 253 55
0 601 608
0 823 829
0 688 697
0 615 622
1 439 668
1 934 169
0 433 434
1 342 279
0 710 719
0 897 901
1 960 159
0 253 259
0 149 150
0 546 547
0 189 196
1 461 142
0 442 444
0 705 709
0 807 808
0 977 986
1 338 668
0 344 348
1 607 30
1 130 378
1 366 663
1 161 213
0 770 776
0 240 250
1 715 620
1 780 507
0 197 205
1 692 636
0 879 889
0 202 206
1 722 964
1 722 199
0 416 425
0 33 41
1 35 945
0 532 533
0 955 963
1 610 653
1 298 35
1 116 635
1 965 633
0 661 667
0 231 235
1 946 703
1 946 916
1 536 986
0 301 302
1 144 643
0 512 519
1 694 728
0 314 315
1 452 847
0 729 737
1 353 718
1 753 871
1 803 756
0 711 721
1 457 222
0 937 946
0 291 297
0 516 526
1 435 883
0 146 148
0 70 72
0 120 122
1 35 610
0 661 671
1 303 989
1 60 407
1 160 365
0 967 974
1 594 935
0 711 718
1 482 624
0 346 349
0 176 184
1 260 747
0 400 409
0 408 411
0 672 677
1 31 260
1 85 239
1 663 886
0 481 483
0 808 810
1 891 686
1 894 598
0 476 477
0 29 38
0 459 464
0 603 613
0 98 106
0 81 90
0 943 945
0 98 100
0 10 18
0 759 762
0 808 814
1 882 852
0 760 763
1 947 502
1 863 38
1 266 974
1 273 990
0 468 476
0 467 473
1 951 797
1 262 882
0 980 981
0 641 651
1 742 534
0 473 478
0 129 137
0 243 253
1 467 549
1 248 200
0 921 922
0 799 806
0 969 979
0 871 881
0 245 253
0 922 931
0 270 279
1 32 500
1 993 401
0 468 472
1 604 28
0 646 650
0 274 283
0 876 883
1 183 491
1 285 334
1 489 730
1 39 620
1 788 668
0 397 399
0 407 409
0 770 779
1 962 733
1 642 419
0 353 355
0 489 499
0 548 551
1 894 605
0 427 429
0 375 382
1 82 792
1 746 114
1 252 636
1 433 693
0 140 145
0 398 405
1 898 891
1 724 48
1 732 944
1 34 214
0 874 882
1 444 601
1 689 830
1 314 600
1 747 728
1 126 869
1 328 339
0 27 33
1 537 724
0 637 644
0 711 715
1 570 219
1 634 452
0 814 822
1 765 577
0 516 522
0 248 251
1 377 219
1 890 271
1 139 393
1 542 546
1 666 498
1 284 665
1 657 993
1 784 214
1 144 405
1 298 390
0 699 705
0 687 695
1 874 836
0 126 129
1 742 649
1 342 151
1 176 824
0 169 171
1 415 109
1 437 621
1 265 150
1 807 224
1 165 509
0 987 993
0 70 78
0 705 712
1 550 562
0 406 407
0 73 83
1 504 487
1 477 554
0 732 737
1 335 366
1 706 792
0 640 648
0 768 770
1 75 265
1 999 108
1 60 228
0 774 775
1 128 678
1 790 386
0 585 590
0 805 815
1 224 656
1 302 702
0 984 989
1 799 721
1 79 677
1 630 878
1 463 983
1 593 46
0 527 528
0 743 753
0 370 376
0 848 849
1 181 797
1 276 442
1 310 297
1 574 872
1 149 58
0 683 693
1 184 378
0 240 244
1 393 183
0 273 278
0 87 97
1 963 480
1 330 84
0 452 454
0 621 624
1 562 475
1 797 905
1 28 478
0 308 311
1 435 115
1 465 793
0 782 790
1 686 429
1 219 552
0 85 87
1 155 419
1 901 344
1 639 172
1 788 684
0 192 193
1 521 287
1 580 208
0 868 869
0 662 672
1 122 169
1 973 57
0 632 634
0 688 692
0 549 556
1 802 154
0 355 357
0 205 210
0 692 699
1 700 71
0 342 347
0 807 815
1 452 71
0 799 804
1 592 448
0 875 885
0 690 692
1 839 97
1 163 871
0 350 354
1 822 156
0 884 888
0 45 48
0 170 174
1 763 999
0 253 263
0 389 398
1 198 803
1 132 136
0 7 11
0 812 814
0 409 413
1 686 331
1 640 33
0 279 282
1 787 533
1 614 383
1 680 697
0 243 250
0 938 939
1 184 432
1 92 312
1 139 884
1 845 194
1 435 480
1 137 710
1 683 423
1 614 607
1 218 966
1 417 606
0 460 463
1 403 503
1 271 422
0 442 452
0 728 736
0 568 572
1 476 114
0 812 816
1 546 250
0 358 360
0 89 96
1 453 91
0 464 465
1 178 853
0 187 188
0 791 792
1 994 806
1 767 114
0 646 652
1 717 793
0 591 593
1 486 207
1 949 405
0 655 662
1 223 662
0 393 400
0 260 268
1 70 274
0 5 13
1 932 780
0 342 346
0 824 828
0 861 865
1 728 77
0 606 615
0 283 289
0 561 563
1 815 638
1 744 287
1 612 546
0 743 752
1 872 240
1 190 562
0 968 976
1 455 771
1 758 655
0 378 387
1 584 124
0 395 402
1 463 723
1 318 972
1 798 465
1 933 123
0 20 22
1 396 269
0 917 922
1 242 799
0 660 661
0 555 562
0 139 144
1 503 222
1 723 108
1 403 48
0 147 154
1 840 629
0 548 555
0 735 745
1 442 418
0 66 67
0 353 358
0 918 921
1 414 412
0 287 291
1 276 1000
0 378 386
0 16 20
0 564 566
1 883 916
0 924 933
1 372 567
0 467 469
0 405 407
0 875 880
1 61 357
0 767 771
0 725 727
1 433 519
0 345 355
1 733 686
0 207 217
1 848 27
1 215 60
1 735 887
0 512 516
0 638 646
0 506 511
1 142 586
1 629 640
0 591 592
1 616 800
0 516 519
0 272 276
0 452 462
1 383 920
1 469 197
0 714 716
0 753 762
0 277 285
0 186 190
0 243 249
1 560 13
1 559 697
0 956 957
0 551 555
0 766 769
1 503 403
1 521 694
0 76 83
0 54 57
0 625 627
1 777 44
0 480 489
0 453 455
0 578 579
1 96 343
0 91 92
1 559 5
1 695 840
0 844 854
1 365 968
0 336 343
1 448 351
0 171 172
0 860 864
0 695 698
0 246 253
0 90 94
1 315 882
0 748 750
1 926 15
1 305 362
1 517 746
0 840 845
1 746 352
0 632 639
1 676 325
1 441 118
1 43 623
0 525 531
0 574 582
1 937 480
0 589 594
1 455 976
1 168 449
1 521 797
1 509 811
1 125 242
0 748 756
0 252 261
1 211 741
0 504 508
1 312 751
1 12 74
0 203 207
1 746 660
1 451 156
0 956 965
0 753 758
0 312 317
1 725 930
0 25 26
1 292 392
1 1 823
1 4 461
0 623 632
0 657 664
0 617 621
0 785 790
0 787 793
0 832 834
0 737 746
1 774 255
0 397 400
1 930 985
1 695 220
0 229 232
0 902 907
1 593 496
1 915 461
0 710 715
0 203 211
1 315 930
0 896 897
1 331 134
0 745 754
0 36 42
1 409 4
0 420 428
0 624 628
1 364 699
1 547 407
0 302 308
1 278 27
1 566 89
1 15 497
1 494 755
1 677 80
1 6 666
0 322 332
1 24 646
1 660 585
1 96 439
0 289 295
0 675 680
1 38 201
0 580 583
0 869 876
1 271 312
0 85 88
1 635 233
1 778 54
1 65 501
0 824 829
0 547 551
1 116 58
0 436 437
0 323 332
1 388 991
0 652 661
1 426 810
0 63 64
1 449 652
1 59 354
0 854 862
0 378 383
1 328 983
1 366 500
0 681 684
1 329 587
1 16 563
0 166 168
1 304 535
0 521 527
0 626 628
1 825 364
0 37 40
0 685 693
0 712 716
1 421 46
0 250 256
1 679 180
1 114 202
1 991 246
0 159 168
1 510 593
0 653 663
0 990 997
1 429 382
0 833 843
1 530 302
0 111 115
0 954 964
0 587 588
0 332 333
1 50 769
1 554 85
1 951 817
0 972 982
1 120 250
1 798 284
1 828 349
0 338 346
0 309 314
1 205 472
0 666 667
0 958 965
1 559 4
0 88 90
0 198 202
0 117 124
1 573 141
0 829 837
0 146 147
0 621 625
1 129 706
1 832 7
0 816 822
0 206 208
0 607 611
0 764 774
1 525 313
1 297 377
1 645 542
1 823 840
1 979 902
1 923 424
0 673 677
0 302 312
0 824 833
1 529 864
0 505 515
1 112 815
0 669 678
0 791 793
1 773 808
0 706 710
0 734 737
1 722 104
1 501 344
1 907 190
0 338 345
1 692 854
0 974 979
0 129 138
1 882 536
1 21 890
0 341 345
1 826 153
0 145 149
1 78 711
1 575 165
0 636 638
1 404 971
1 747 135
0 694 698
1 359 556
0 693 699
0 130 139
1 402 989
1 478 114
1 972 186
0 528 538
1 214 273
1 445 504
0 68 73
1 888 698
1 694 933
0 541 546
0 937 942
1 566 896
1 876 89
0 320 323
0 123 131
0 216 226
0 613 619
1 459 737
0 93 98
0 948 958
0 954 962
0 985 995
0 865 870
1 246 165
1 802 558
0 633 643
0 130 131
1 598 163
0 345 349
1 871 835
0 935 942
0 368 378
1 499 743
1 578 478
1 289 467
0 141 148
0 157 163
1 861 177
1 37 633
0 957 966
0 268 278
0 815 816
1 448 756
1 773 35
0 617 620
0 670 675
0 121 129
1 452 182
0 428 432
0 708 716
0 112 113
1 795 119
1 675 80
1 474 430
1 584 532
0 142 148
0 670 678
0 661 664
0 766 768
1 496 72
0 769 777
0 125 132
0 58 61
0 148 155
1 149 244
0 955 958
1 832 255
1 355 125
1 915 619
1 866 340
0 950 952
0 407 410
0 565 575
0 958 968
0 810 814
1 916 493
0 152 156
0 550 556
0 761 770
1 397 409
1 906 674
0 764 769
1 370 512
1 305 310
0 423 424
1 807 471
0 442 448
0 297 299
1 5 467
1 965 708
0 543 550
0 954 963
0 785 789
1 150 337
1 545 244
1 483 12
0 839 844
0 119 125
0 845 848
1 298 873
0 23 28
1 741 703
0 853 859
1 524 626
0 769 776
1 4 456
1 607 331
0 458 467
0 912 913
0 866 871
0 644 651
0 657 663
0 962 963
1 504 536
0 439 446
1 43 242
1 486 681
0 124 134
1 294 985
1 433 672
0 221 226
1 4 129
0 420 423
0 464 470
0 950 957
1 286 282
1 163 38
1 486 250
1 473 511
0 670 677
1 697 475
1 392 547
0 389 395
0 563 565
1 168 877
1 51 726
0 195 202
1 435 849
0 873 876
1 269 20
0 48 56
0 673 680
1 734 729
0 701 707
0 354 358
1 446 981
1 297 153
0 278 284
0 902 904
1 403 863
0 56 66
0 913 920
0 320 324
1 496 476
0 873 875
0 106 116
1 469 550
1 85 43
1 699 436
1 983 197
1 428 691
1 233 991
1 936 136
1 955 563
0 51 61
0 402 404
0 399 403
1 701 579
0 840 846
0 282 287
0 341 349
0 724 734
1 89 825
0 412 416
0 950 951
0 35 43
1 826 86
0 961 970
1 317 828
1 91 542
1 37 906
0 576 578
0 41 47
0 624 629
1 665 882
0 119 122
1 511 44
0 680 682
1 525 196
1 259 185
0 610 618
1 283 185
1 947 282
0 305 308
1 15 772
0 498 499
1 871 645
1 207 147
1 4 667
0 444 452
1 882 79
1 334 265
1 759 805
0 437 442
0 140 147
0 603 610
0 603 606
1 442 714
0 156 157
1 579 959
0 821 830
1 454 961
1 996 343
0 177 179
1 379 512
1 639 16
1 552 364
0 788 794
0 765 775
0 216 221
1 293 653
0 543 549
0 860 865
0 509 511
0 552 555
1 483 144
0 733 739
1 793 879
1 143 889
0 16 18
0 734 739
1 636 200
1 411 768
0 88 92
0 558 568
0 158 166
0 259 260
1 125 709
1 891 929
1 185 998
0 224 234
1 310 498
1 920 449
0 572 578
1 308 828
1 419 243
1 824 18
1 677 729
1 806 288
0 386 391
1 156 673
0 452 461
1 508 185
1 74 752
1 184 484
0 419 423
1 225 216
0 520 521
0 800 802
0 953 957
0 409 414
0 393 402
1 688 75
0 429 434
0 499 501
0 797 804
0 845 846
1 691 944
1 359 48
0 817 819
0 898 902
1 350 321
0 186 194
1 612 409
1 685 409
0 476 485
0 12 17
0 610 613
1 752 860
0 258 261
0 214 220
1 89 357
0 278 282
1 59 270
1 902 148
0 137 144
0 539 541
0 954 959
0 847 853
0 58 67
1 592 771
0 318 321
0 940 942
1 735 30
1 563 380
1 217 394
1 720 26
1 832 981
0 96 105
0 456 461
1 901 882
0 220 229
0 970 979
1 769 780
0 738 746
0 243 245
1 231 867
1 424 585
1 965 202
0 107 117
1 965 872
1 864 633
0 511 519
0 944 953
0 439 448
1 402 266
0 360 363
1 164 146
0 25 34
0 807 812
0 460 470
1 842 802
1 623 110
1 375 772
1 934 853
0 822 827
1 186 132
0 8 16
0 360 362
0 628 635
0 386 388
1 249 824
0 37 42
1 826 189
0 732 739
1 130 107
1 701 78
0 871 877
1 956 654
0 848 853
0 245 254
0 177 186
1 233 793
0 612 613
0 695 702
0 331 334
0 605 610
0 556 560
0 920 927
1 823 862
1 186 621
0 583 585
0 353 361
0 104 109
0 653 659
1 327 670
1 706 97
0 487 493
0 486 491
1 168 677
0 857 866
0 624 631
0 531 538
1 772 323
0 975 977
0 53 63
0 151 155
0 800 808
1 35 847
1 826 336
0 973 979
1 780 460
0 250 254
1 557 780
1 580 283
0 642 650
0 127 130
1 536 854
0 550 552
1 542 52
0 718 725
0 930 931
1 405 893
1 95 291
0 702 704
1 450 24
1 452 263
1 227 306
1 143 776
0 897 907
1 958 376
1 913 530
0 120 126
1 103 699
0 789 796
0 755 758
0 90 92
0 619 625
1 4 411
0 402 409
0 69 79
0 385 386
1 501 605
0 894 897
0 644 650
0 797 798
1 439 265
1 868 164
0 161 169
1 903 185
1 503 907
0 831 833
1 772 998
0 480 490
0 967 970
0 975 979
1 838 710
1 586 778
0 392 400
1 524 456
1 720 163
1 988 621
0 934 938
1 167 245
0 447 450
1 733 23
1 573 781
1 849 650
0 185 186
0 286 295
0 232 235
0 252 262
1 847 40
0 335 342
0 668 669
0 255 261
1 600 136
0 238 248
1 302 320
0 42 52
0 861 870
0 10 13
0 757 763
0 811 815
1 900 217
1 869 949
1 822 408
0 870 877
0 251 255
1 214 168
1 930 415
1 938 61
0 967 968
0 752 761
0 245 247
1 531 100
1 450 489
0 325 335
1 995 197
1 136 32
0 928 936
0 499 509
1 730 615
1 98 803
1 661 952
0 197 200
1 897 305
1 460 657
0 892 894
0 632 642
0 950 958
1 199 546
1 694 351
0 301 311
1 511 535
1 748 541
0 565 566
0 676 684
0 508 516
1 957 394
0 258 267
1 145 416
1 998 433
1 788 309
1 880 563
0 874 875
0 541 550
1 23 916
1 183 629
1 523 405
0 298 308
1 582 493
1 75 261
1 325 482
1 728 761
1 467 856
1 71 56
1 620 863
1 443 743
1 109 235
1 94 848
0 656 666
0 546 549
0 666 672
0 979 981
0 512 513
0 750 755
0 722 724
0 369 378
0 524 529
0 349 354
1 486 469
0 44 54
1 423 637
1 405 864
1 933 301
0 154 159
0 305 307
0 879 881
1 338 541
1 314 852
1 159 575
0 514 518
0 706 707
1 802 357
0 187 193
0 688 693
0 226 236
1 225 515
0 682 686
1 50 641
1 554 476
0 644 645
1 402 856
0 488 497
1 50 931
1 722 644
1 799 324
1 265 864
0 284 288
1 861 463
0 448 457
1 760 119
0 688 698
0 656 661
0 694 697
0 485 488
0 796 798
1 660 803
1 483 641
0 904 913
0 411 418
1 297 970
1 290 260
0 190 193
1 492 703
1 233 303
0 478 486
1 265 545
1 288 618
1 33 237
0 101 102
1 136 675
1 758 948
0 499 504
0 939 949
1 367 718
1 27 411
1 128 497
1 353 783
0 260 270
1 646 338
1 624 800
0 189 197
0 951 959
0 78 88
0 364 370
1 207 934
1 396 394
0 583 584
1 330 591
0 391 401
1 530 444
0 91 100
1 963 76
1 619 221
1 14 927
1 227 572
1 456 880
1 415 530
1 527 973
0 746 756
1 188 281
1 782 704
1 507 661
1 643 382
0 586 596
0 900 902
1 852 621
0 580 590
0 429 435
0 327 329
1 298 217
1 350 543
1 746 177
0 413 422
0 719 725
1 241 106
0 479 483
1 447 485
0 457 462
1 169 332
0 131 139
1 142 503
0 462 468
1 455 653
1 267 994
1 918 210
0 406 410
0 510 517
0 813 822
0 191 192
1 600 437
1 67 160
0 126 136
0 192 196
0 854 858
1 906 522
0 307 309
0 947 949
0 897 906
1 413 119
1 974 249
0 40 41
1 61 860
0 157 160
1 106 606
1 458 601
1 200 355
0 164 167
0 601 610
0 902 905
1 771 267
1 280 290
0 498 504
0 871 878
1 199 627
1 852 556
1 216 857
1 163 46
0 578 582
0 305 314
1 744 112
0 253 258
1 925 762
1 166 80
1 892 242
0 126 133
0 588 596
1 608 158
0 938 942
0 488 493
1 867 6
0 889 892
0 5 15
1 949 395
0 651 657
1 679 16
1 110 186
1 477 771
1 682 833
1 291 25
1 721 639
0 650 652
1 917 289
0 399 409
0 820 828
0 473 483
1 79 240
0 891 893
1 752 724
0 872 879
1 264 971
1 561 852
1 415 362
0 653 655
0 617 622
1 627 586
1 213 236
0 228 232
0 413 423
1 509 605
1 587 539
1 241 558
1 5 773
0 333 336
1 570 45
1 231 666
0 349 356
0 784 786
1 499 260
1 768 327
1 653 221
1 232 998
0 529 537
0 739 748
0 384 389
0 564 569
0 520 527
1 882 737
0 57 60
0 639 648
0 547 553
1 165 140
1 354 865
0 672 676
1 746 910
1 582 594
0 448 456
0 618 621
0 614 616
1 302 135
1 499 128
0 119 127
0 659 668
1 341 503
1 841 947
1 434 344
1 224 768
1 510 910
1 896 688
1 448 147
0 367 375
1 177 598
1 497 135
0 161 163
0 944 952
1 981 695
0 229 234
0 901 906
1 117 358
0 530 537
0 333 334
1 111 264
1 838 574
1 351 498
0 75 77
1 709 478
1 852 848
1 433 827
0 967 973
0 566 570
1 106 599
1 823 569
0 40 44
1 79 29
0 155 156
1 206 704
0 716 726
0 494 503
0 598 607
1 14 571
0 773 779
1 271 881
0 604 614
0 430 440
0 966 973
0 413 416
0 751 753
0 717 725
1 789 874
1 428 116
0 699 709
1 289 91
0 113 123
1 925 235
1 660 94
0 728 730
1 972 905
1 417 466
1 869 13
1 478 457
0 514 520
1 545 978
1 579 121
1 546 290
1 400 232
1 249 504
0 442 451
1 752 239
1 522 338
0 877 883
0 971 978
1 891 622
1 562 795
1 228 410
0 90 95
0 228 230
1 901 403
1 444 927
0 6 14
1 340 917
0 506 510
1 220 584
1 698 95
1 449 184
1 668 289
0 177 183
1 83 40
0 534 544
1 598 307
0 816 818
0 865 875
0 770 774
1 850 283
0 989 996
1 761 208
1 26 69
0 596 605
0 164 166
0 815 821
0 343 352
0 174 177
1 634 436
0 730 737
0 684 688
1 675 407
1 440 854
1 277 569
0 352 358
1 49 879
1 486 412
0 783 784
0 601 609
1 477 647
1 190 520
1 247 96
0 137 138
1 287 235
1 526 368
1 908 153
1 751 588
1 730 651
1 29 693
1 463 474
1 484 602
1 699 108
1 860 720
1 698 67
0 323 326
0 315 321
1 889 402
1 431 99
0 197 207
0 923 930
0 629 639
1 200 690
0 258 263
0 732 740
0 848 856
0 67 68
0 825 826
1 598 812
1 833 840
1 210 846
1 141 187
0 191 197
0 281 290
0 66 76
1 970 667
1 279 721
1 138 1
1 624 682
0 390 400
0 882 889
0 969 971
1 694 745
0 765 771
0 416 423
1 6 560
0 325 327
1 98 475
1 784 712
1 776 66
1 488 138
1 136 324
0 846 848
1 795 204
1 624 194
0 269 272
0 579 581
1 651 521
0 859 867
0 941 943
1 540 557
1 729 924
1 310 452
0 581 591
1 737 802
1 399 494
0 858 861
0 313 319
0 154 158
0 704 707
1 208 633
1 802 771
0 225 227
0 57 67
1 921 907
0 131 137
0 666 668
0 375 381
0 41 43
1 978 427
1 289 547
1 337 741
0 536 540
0 724 730
1 257 857
1 761 621
0 831 835
0 625 634
1 824 598
1 45 643
1 824 227
0 33 42
1 100 834
1 811 858
1 131 229
0 628 631
0 771 781
1 422 399
1 660 211
0 446 454
0 112 121
0 113 116
0 759 767
0 639 645
1 50 360
1 350 133
1 773 631
1 435 833
0 156 162
0 800 804
1 609 132
0 886 896
0 922 925
1 670 503
0 268 271
0 840 844
1 104 664
1 869 356
0 911 914
1 954 523
1 634 629
1 802 509
0 355 358
0 9 14
1 217 10
0 291 293
1 161 699
1 660 190
1 36 845
0 873 878
0 892 902
0 700 701
0 575 584
1 462 938
1 965 829
0 213 222
0 535 537
0 786 791
0 11 19
0 208 210
0 661 669
0 555 563
1 780 294
1 476 937
0 314 320
0 871 874
1 541 325
1 282 386
0 131 138
0 292 296
1 765 965
1 844 541
0 969 976
0 647 656
0 943 950
1 706 62
1 539 964
0 765 768
0 151 157
0 185 193
1 269 532
0 314 316
1 729 636
0 485 494
1 961 191
1 110 640
0 737 743
0 648 655
1 4 780
1 397 307
0 9 13
1 722 607
1 656 156
0 652 660
1 576 226
0 487 491
0 162 172
1 671 908
1 117 639
1 218 828
1 988 740
0 557 561
1 962 889
0 776 780
1 652 643
0 493 498
0 929 936
0 689 693
1 248 586
1 709 867
0 237 242
0 616 619
0 136 137
1 781 78
0 627 631
0 168 170
0 284 291
1 69 262
1 399 173
1 98 279
1 549 361
0 282 289
0 407 408
1 786 145
1 200 81
1 81 117
1 908 185
0 363 367
1 973 658
0 672 678
0 611 612
0 680 690
1 287 482
1 624 134
0 530 538
0 496 501
0 631 634
1 622 222
0 855 858
1 1000 553
1 531 25
1 41 49
0 469 475
1 78 332
1 907 488
0 256 260
1 856 624
1 906 337
1 857 927
1 305 867
0 106 113
0 385 391
1 98 507
1 139 677
1 303 845
0 212 215
0 901 908
0 420 430
1 452 772
1 992 768
0 899 902
0 657 660
1 394 975
1 375 575
0 909 917
1 987 900
0 98 103
0 435 441
1 354 605
1 37 643
1 818 803
0 262 267
1 138 789
1 596 129
1 842 498
1 818 805
1 767 682
0 75 85
1 749 538
1 234 834
0 850 855
1 483 699
0 321 323
0 588 592
1 342 332
1 878 489
1 600 684
0 425 433
1 178 917
1 441 250
1 734 796
0 136 145
0 896 902
1 787 337
0 230 238
1 341 140
1 151 908
0 94 100
0 676 685
1 320 917
0 967 969
0 444 450
1 218 642
0 730 738
0 160 163
1 871 545
0 876 886
0 237 247
0 773 781
1 283 49
1 543 745
1 206 812
0 22 24
0 927 934
0 427 436
1 94 290
0 315 317
1 759 277
0 633 642
1 997 520
1 564 427
0 649 658
0 163 168
1 533 764
0 662 669
1 784 707
0 95 101
0 415 423
0 98 101
0 630 635
1 920 398
1 356 179
1 636 969
0 899 906
0 834 836
0 583 591
1 974 23
0 308 314
1 480 916
0 623 628
1 320 715
1 233 14
0 527 537
1 277 307
0 612 617
1 216 658
1 129 454
0 265 269
0 688 690
1 160 958
0 159 161
0 471 480
0 720 721
0 346 353
1 557 109
0 833 837
1 764 427
1 498 536
1 273 929
1 906 383
0 790 797
1 873 198
0 262 271
0 87 93
0 364 371
0 822 828
1 931 701
1 90 433
1 771 304
0 157 158
1 801 270
0 289 294
0 586 592
1 214 52
1 838 448
0 295 298
0 106 111
0 374 375
1 431 627
1 899 655
0 2 10
1 193 93
1 885 628
1 382 80
0 61 64
0 841 846
0 433 438
1 102 591
1 280 450
0 21 31
0 209 217
1 1000 717
1 165 296
1 922 196
1 339 518
1 368 42
1 955 482
1 403 731
0 658 660
0 803 810
0 975 980
0 335 338
0 29 36
0 447 448
1 399 744
1 756 972
1 219 15
0 802 812
1 619 963
0 972 978
0 878 881
1 677 342
0 110 117
0 538 539
0 879 886
1 166 906
0 50 59
0 424 426
0 536 546
0 757 761
1 319 371
0 504 509
1 906 710
0 253 262
0 830 834
0 832 835
0 382 385
1 145 645
0 197 206
0 307 310
0 157 164
0 345 346
1 808 37
0 144 148
0 517 527
1 254 674
1 653 370
0 368 377
1 291 12
1 250 667
0 850 851
1 980 742
1 640 337
0 496 502
1 748 373
1 850 330
0 816 826
0 748 757
1 164 755
0 587 597
1 818 519
0 714 719
0 367 377
0 15 16
0 466 474
0 499 507
0 32 34
1 681 726
0 557 564
0 555 561
0 597 602
0 424 429
0 187 192
0 431 440
0 589 595
0 319 323
0 146 151
0 6 7
0 943 949
0 923 926
0 143 150
1 708 277
1 410 612
0 175 183
1 334 475
1 334 289
0 849 856
1 361 368
1 157 235
1 872 888
1 107 140
1 109 959
1 794 653
1 19 346
1 750 582
0 189 198
1 888 517
0 146 154
0 598 604
0 277 287
1 154 162
0 12 16
1 713 461
1 660 144
0 563 571
0 726 731
1 564 623
0 501 505
0 930 934
0 502 510
0 622 623
1 582 485
0 258 262
1 213 462
1 625 226
0 521 529
1 517 169
1 190 666
1 912 776
1 463 982
0 428 430
1 551 19
0 272 280
1 144 989
1 468 561
0 347 351
1 894 854
1 705 577
0 382 391
1 26 419
0 533 534
0 936 943
0 883 884
0 428 437
0 55 64
0 327 337
0 890 899
0 558 567
1 696 66
1 517 365
1 293 495
1 130 611
0 654 660
1 287 464
0 966 969
0 820 823
0 841 848
1 908 523
1 411 813
1 620 84
0 197 203
1 133 89
0 798 799
1 714 812
0 229 233
1 904 259
0 129 135
1 13 367
1 364 436
0 361 364
1 861 717
0 546 548
0 611 619
1 258 823
0 296 306
0 248 254
0 232 241
1 48 578
0 818 822
1 278 299
0 7 15
1 716 505
0 914 917
1 400 596
0 634 643
1 464 139
1 240 336
1 624 370
0 461 467
1 795 693
1 182 741
1 483 791
1 716 279
0 762 768
1 819 643
0 43 44
1 597 987
0 669 672
0 281 286
1 861 406
1 910 65
0 155 157
1 645 995
0 609 613
1 310 657
0 333 335
1 937 988
0 805 814
1 923 986
1 340 24
1 565 727
1 704 778
0 188 198
0 162 167
0 123 130
0 682 683
1 257 742
0 858 862
1 402 850
0 777 783
1 153 277
1 110 347
1 531 110
1 500 878
1 327 276
1 340 283
0 496 497
1 858 143
1 443 512
0 988 989
0 237 246
0 834 843
0 30 38
0 669 679
0 223 230
0 788 791
1 241 733
0 64 65
0 258 259
0 872 876
0 808 816
1 435 79
0 738 742
0 708 712
0 360 370
0 477 484
0 819 821
1 199 826
1 255 148
1 447 532
0 147 153
1 459 549
1 510 719
1 75 758
1 974 543
0 172 181
1 622 780
1 462 474
1 285 393
1 838 425
0 193 194
0 914 918
1 8 223
1 803 762
1 428 791
1 878 515
0 464 474
0 40 43
1 750 371
1 598 431
0 878 884
0 21 22
1 154 303
1 164 279
1 652 56
0 558 564
0 518 522
1 943 869
1 530 855
1 304 529
0 464 469
0 692 701
0 323 329
1 421 788
1 117 321
1 551 258
1 25 30
0 906 916
0 973 976
0 402 412
1 349 44
1 516 815
1 365 639
0 474 484
0 159 169
1 619 320
0 614 624
0 539 545
1 649 459
0 785 786
1 866 604
0 340 346
1 563 980
0 575 577
0 384 388
1 287 964
0 964 966
0 618 626
1 138 95
0 103 111
1 509 225
0 320 327
0 513 514
1 296 264
0 437 440
0 405 411
1 110 669
1 734 125
1 966 652
1 99 705
0 117 118
1 521 397
1 905 272
1 770 185
1 124 876
1 432 343
1 282 862
1 932 974
0 287 292
0 334 344
0 983 986
1 970 803
0 182 183
1 177 55
0 594 596
1 839 753
1 901 614
1 75 97
1 472 421
0 797 799
1 476 251
0 709 710
1 293 581
1 465 192
0 883 889
0 154 161
0 48 58
1 367 423
1 668 399
1 305 173
0 681 691
1 713 333
1 541 433
0 351 354
1 622 384
1 360 10
1 522 578
0 708 714
0 930 940
1 434 597
0 483 487
0 230 237
0 436 444
1 576 165
1 324 36
0 165 168
1 599 101
0 715 719
1 326 34
1 611 204
0 983 985
0 390 399
0 611 620
0 957 961
1 732 318
1 469 427
0 977 981
0 245 252
0 956 966
1 174 387
0 405 409
0 204 207
0 443 450
1 10 958
0 897 904
1 366 769
1 875 437
1 164 329
0 277 282
1 74 612
1 547 754
1 859 508
0 391 393
1 365 655
0 949 959
1 909 259
1 630 723
1 920 607
0 224 229
1 677 734
1 239 456
1 316 809
0 377 379
0 26 27
0 906 909
1 995 589
1 85 581
0 773 775
0 760 768
0 849 857
1 938 852
0 484 492
1 831 18
1 712 877
0 128 135
1 235 984
1 574 444
0 655 659
0 19 27
0 180 189
0 668 672
0 376 378
1 753 704
0 70 75
1 833 245
0 407 416
1 62 230
0 352 361
1 813 777
0 7 14
0 714 721
1 650 928
1 540 390
1 521 620
1 628 373
1 897 566
1 751 193
1 361 600
0 160 164
0 308 312
1 124 705
1 825 321
0 251 261
0 463 467
1 352 497
0 47 56
1 91 398
1 395 370
1 654 678
0 935 936
0 502 504
0 740 744
0 958 967
1 776 41
0 535 541
1 75 19
1 74 657
0 821 826
0 944 950
1 944 907
1 435 935
0 164 169
0 426 434
0 38 43
1 356 724
1 319 950
1 842 156
0 896 899
0 101 110
1 122 891
1 453 108
1 476 115
0 550 558
1 179 429
1 620 378
1 379 221
0 989 993
0 235 243
1 539 468
0 532 534
1 755 379
0 668 677
1 578 736
1 508 445
1 281 895
0 591 597
1 82 584
1 714 425
0 208 217
0 191 198
1 181 222
0 951 957
0 976 986
1 115 862
1 353 385
1 397 774
0 154 157
0 804 806
-1
