100 300
1 2
2 3
2 4
3 5
2 6
6 7
1 8
1 9
9 10
3 11
3 12
4 13
4 14
9 15
3 16
12 17
10 18
2 19
16 20
11 21
5 22
4 23
19 24
11 25
18 26
19 27
8 28
11 29
26 30
14 31
17 32
9 33
23 34
5 35
28 36
18 37
25 38
34 39
11 40
7 41
1 42
7 43
26 44
41 45
19 46
20 47
41 48
46 49
36 50
40 51
25 52
2 53
31 54
54 55
26 56
25 57
41 58
10 59
31 60
60 61
50 62
28 63
47 64
17 65
46 66
56 67
28 68
2 69
38 70
15 71
40 72
7 73
19 74
14 75
61 76
28 77
33 78
76 79
61 80
18 81
66 82
25 83
69 84
25 85
15 86
75 87
83 88
14 89
32 90
83 91
67 92
1 93
40 94
32 95
19 96
50 97
3 98
34 99
20 100
19 84
51 82
16 75
62 97
12 55
53 61
12 46
47 54
51 84
17 70
69 94
40 81
44 83
19 51
51 75
34 94
9 53
24 60
7 85
45 56
1 81
5 70
61 98
39 52
17 42
17 48
59 68
87 97
79 88
29 47
49 86
36 38
74 80
14 56
39 76
16 55
57 90
38 47
39 75
62 77
17 66
26 97
90 95
62 78
82 91
53 81
33 97
14 87
15 39
15 89
28 94
21 43
76 93
40 73
5 60
46 77
41 56
66 67
88 93
37 92
60 95
24 77
69 82
10 13
5 13
49 58
16 58
21 58
30 86
14 35
4 30
65 97
43 53
44 80
43 94
46 53
10 32
56 100
8 71
1 38
49 61
21 81
24 92
3 45
15 24
62 66
59 76
89 91
88 96
46 61
41 91
41 66
17 68
45 96
48 89
74 91
7 100
13 100
35 96
5 33
59 85
63 90
63 67
72 89
22 34
9 48
10 22
29 56
62 81
55 72
27 36
36 96
10 27
55 76
65 94
55 86
51 73
57 87
53 95
7 84
22 58
57 58
34 92
18 74
60 77
19 66
31 49
3 87
56 62
27 39
48 87
39 87
76 86
89 92
30 35
36 94
58 98
48 57
10 80
55 63
16 23
55 81
18 90
84 92
35 37
49 68
13 32
52 62
3 75
64 96
62 70
26 96
25 84
53 92
25 26
27 47
15 84
47 60
59 94
35 53
20 88
1 67
2 15
75 90
73 99
28 46
37 81
45 85
34 100
6 33
38 96
66 87
69 72
34 89
10 93
3 34
4 33
70 78
19 99
16 47
44 47
43 68
47 100
19 49
7 19
29 86
30 66
15 68
26 29
38 85
16 46
35 50
9 95
27 32
33 90
23 63
9 12
36 59
36 92
18 69
4 74
1 49 44
0 19 99
0 27 36
0 88 96
1 63 45
1 84 1
1 49 40
0 69 72
1 75 92
1 69 65
1 28 29
1 8 32
1 50 95
1 52 15
0 13 100
1 2 11
1 55 29
0 33 90
1 7 64
1 51 97
1 83 15
1 60 88
1 58 19
1 91 43
0 41 56
1 37 12
0 39 75
1 31 4
0 51 73
1 57 7
1 48 57
1 49 46
1 45 2
1 43 69
1 27 66
1 36 60
0 35 53
1 38 59
1 9 22
0 16 75
0 62 97
1 13 32
0 26 97
0 1 81
1 9 22
1 23 48
1 24 60
0 60 95
1 38 35
1 12 56
1 57 10
1 36 70
0 18 74
0 16 47
1 96 67
1 72 54
1 22 1
1 44 70
1 47 14
0 37 81
0 34 89
0 4 74
0 43 68
0 66 67
1 31 4
1 18 88
1 55 98
1 7 52
1 46 4
0 48 87
1 84 65
1 59 66
1 47 28
1 86 89
1 92 38
1 67 20
1 78 83
0 34 92
1 5 51
1 41 25
0 65 94
0 82 91
0 44 83
1 13 100
0 25 26
0 88 93
1 95 42
0 56 100
0 18 69
1 48 87
1 77 37
1 32 99
1 25 74
1 49 90
0 29 56
1 16 20
0 36 59
1 1 47
1 39 71
1 88 64
0 14 87
0 49 68
1 68 21
1 69 28
1 3 36
0 43 53
1 62 16
1 50 1
1 88 77
0 16 58
1 44 38
0 10 80
1 33 56
0 41 66
1 11 77
1 30 59
1 86 100
1 54 4
1 7 4
0 79 88
1 26 12
1 83 67
0 63 67
0 45 85
0 15 84
1 92 48
1 83 87
0 12 55
1 29 24
0 35 50
0 28 94
0 36 92
1 27 80
0 23 63
1 80 47
1 53 90
0 5 13
1 83 77
1 27 68
1 58 29
1 51 7
0 45 96
1 41 24
0 41 91
1 1 48
1 18 2
1 3 55
1 20 11
1 38 91
1 17 94
0 16 46
1 20 26
1 43 8
1 32 32
1 95 11
0 59 85
0 44 47
1 53 26
1 43 34
1 99 15
1 47 57
1 41 56
1 52 13
1 16 81
0 14 35
0 7 84
1 86 16
0 18 90
0 21 58
1 37 34
1 47 25
1 100 39
1 79 51
1 30 62
1 31 20
0 55 76
1 53 94
0 24 92
1 18 60
1 28 90
1 27 64
1 33 4
1 8 15
1 92 15
1 1 40
0 89 92
0 39 76
0 55 72
1 89 75
1 2 21
0 16 55
1 3 83
1 7 90
0 34 100
1 51 14
1 80 39
1 64 10
0 51 75
1 89 99
0 10 32
1 46 27
1 1 84
1 16 77
1 50 84
0 39 52
1 87 21
1 45 3
0 53 61
0 27 47
1 100 61
1 44 70
0 35 96
1 93 13
1 11 47
1 95 83
1 4 64
1 93 31
1 7 49
1 47 70
0 59 68
1 80 90
0 51 82
1 46 31
0 34 94
0 74 91
1 71 39
0 8 71
1 60 69
1 93 84
1 77 7
1 7 21
0 10 22
1 23 25
1 42 2
1 52 84
1 64 89
1 34 87
1 74 9
1 34 83
1 16 12
1 73 14
1 5 17
1 99 29
1 56 6
0 4 33
1 68 44
1 16 54
1 78 23
0 69 82
1 22 2
1 71 20
0 22 58
1 48 90
1 2 37
1 17 58
1 68 96
1 59 66
1 3 99
1 92 87
0 55 86
1 3 27
1 38 80
1 6 48
0 19 51
1 2 45
1 93 39
1 73 100
1 53 10
1 99 56
0 46 61
1 22 82
1 86 75
1 45 89
1 70 45
1 39 89
1 26 63
1 2 62
1 35 32
1 8 58
0 30 66
1 40 28
0 26 96
1 51 55
1 100 24
0 62 66
0 46 53
0 3 45
1 28 94
1 55 29
1 37 28
1 31 48
0 21 43
1 85 43
1 41 12
1 1 26
1 35 30
1 38 80
0 40 81
1 23 74
1 74 58
0 48 89
1 7 61
1 85 95
1 56 74
1 6 17
1 100 92
1 29 55
0 65 97
1 61 25
0 1 67
0 19 84
1 24 77
1 79 43
1 50 58
0 39 87
1 69 5
1 49 31
1 91 25
1 55 56
1 1 85
1 65 64
1 19 63
0 13 32
1 2 92
1 84 8
1 77 64
0 36 96
1 79 20
1 6 72
1 4 23
1 89 9
0 36 38
1 67 73
1 95 51
1 97 61
1 84 89
0 15 24
0 5 70
1 2 52
0 62 78
0 17 48
1 50 90
1 40 93
1 14 40
1 16 66
0 47 100
1 61 16
1 54 27
1 21 93
1 99 77
0 57 58
1 28 19
1 51 82
1 95 62
1 68 98
0 31 49
1 11 90
1 48 94
1 19 97
1 72 33
1 50 84
1 74 19
0 62 70
1 34 88
0 49 86
1 74 15
1 67 92
1 16 84
1 69 57
1 80 52
0 40 73
1 31 100
1 14 94
0 7 85
0 30 35
1 33 77
0 53 92
0 15 89
1 58 74
1 59 16
1 75 79
0 49 58
0 9 48
1 58 58
1 78 11
1 4 83
0 37 92
1 34 90
1 26 38
1 58 90
1 40 14
1 85 78
1 65 21
1 80 65
0 44 80
0 55 81
1 73 17
1 16 97
0 9 53
1 47 31
1 13 12
1 25 1
0 90 95
0 64 96
1 72 4
0 20 88
1 37 5
1 65 27
0 22 34
0 19 49
0 7 19
1 80 32
1 68 85
1 5 45
1 90 34
1 82 48
1 14 34
0 9 12
1 85 79
1 72 59
1 61 5
0 29 47
1 18 28
0 27 39
0 17 66
1 38 23
0 38 96
1 51 65
0 55 63
1 62 79
1 33 49
1 31 79
1 10 30
0 30 86
0 10 93
1 23 19
1 12 58
1 92 80
0 15 39
1 11 79
1 40 9
1 39 33
1 63 69
1 46 68
0 21 81
1 29 37
1 69 80
0 4 30
1 30 61
0 1 38
1 76 94
0 75 90
1 33 91
1 33 41
1 8 13
1 57 44
1 43 17
1 77 68
1 93 84
1 76 67
1 47 37
0 33 97
1 89 58
1 36 87
0 84 92
1 78 43
1 72 88
0 57 87
1 98 99
1 20 30
1 11 85
0 62 81
1 56 6
1 45 64
1 77 18
1 55 42
1 90 53
0 48 57
0 27 32
0 66 87
0 73 99
1 94 42
1 85 23
0 56 62
1 55 51
0 12 46
1 46 16
1 62 92
1 94 82
1 86 31
0 7 100
1 49 14
1 43 8
1 67 13
0 6 33
1 4 76
1 58 99
0 19 66
1 32 81
0 89 91
-1
