50 150
1 2
2 3
2 4
3 5
2 6
3 7
6 8
8 9
2 10
9 11
5 12
12 13
2 14
10 15
13 16
3 17
1 18
10 19
17 20
19 21
7 22
6 23
13 24
17 25
15 26
15 27
3 28
24 29
19 30
8 31
2 32
16 33
5 34
13 35
4 36
19 37
21 38
3 39
33 40
11 41
6 42
7 43
20 44
9 45
3 46
4 47
40 48
8 49
47 50
5 49
23 29
19 34
17 37
3 40
14 16
5 43
4 44
3 47
31 50
5 6
40 47
14 32
1 49
1 11
44 45
24 41
23 44
17 24
11 26
5 42
29 40
3 43
42 50
4 31
10 21
18 33
8 17
35 49
13 33
26 49
2 27
15 30
30 38
25 31
2 43
43 50
30 35
20 28
14 20
29 33
10 43
15 17
29 31
3 35
28 45
10 48
20 24
21 32
25 36
30 47
11 48
25 27
43 44
10 36
26 41
21 48
8 50
21 40
17 44
39 46
1 41
10 45
16 32
10 17
2 16
25 35
35 45
17 39
7 46
24 42
19 41
1 22
43 46
34 45
11 32
36 39
13 42
2 12
11 31
16 41
21 27
20 30
20 50
14 22
22 25
4 41
13 43
21 26
11 22
19 47
12 23
6 45
17 22
7 49
17 30
2 7
25 39
23 27
37 40
5 44
1 43 48
1 47 22
1 11 3
0 17 39
1 4 46
1 14 31
1 2 9
1 19 19
1 18 6
1 4 50
1 16 24
1 32 38
1 21 7
1 2 31
1 3 45
1 37 13
1 10 27
1 21 33
1 49 12
0 21 40
1 3 26
1 31 19
1 5 2
1 24 8
1 49 36
1 32 14
1 18 2
1 45 30
1 48 11
1 40 28
1 23 41
0 13 42
1 33 34
0 6 45
1 43 43
1 24 39
1 46 21
1 44 48
1 14 23
1 19 16
0 4 44
1 6 27
1 18 29
1 37 13
1 3 6
1 14 42
0 29 31
1 45 43
1 14 24
1 8 24
1 2 4
1 11 45
1 31 20
1 26 32
1 47 18
1 18 5
1 38 46
1 24 25
1 36 47
0 10 45
1 18 33
0 34 45
1 44 31
1 12 31
1 30 44
1 29 48
1 48 43
0 5 43
1 42 39
0 11 26
1 45 27
0 10 43
1 18 3
1 28 19
1 23 7
0 29 40
1 4 17
1 45 48
1 46 22
1 17 21
1 7 7
1 18 38
1 27 2
0 5 49
1 20 17
1 43 48
1 35 34
1 4 23
1 28 46
1 36 16
1 46 43
1 35 24
1 26 25
1 16 13
1 21 50
1 10 48
1 15 22
1 9 2
0 1 49
1 29 3
1 37 2
0 19 47
1 8 35
1 31 4
1 18 2
0 28 45
1 43 20
1 1 50
0 25 31
1 10 6
1 15 45
1 12 29
1 12 43
1 34 49
1 9 29
1 18 17
1 35 26
0 14 22
1 46 21
1 3 5
1 25 21
1 6 21
1 50 26
1 48 48
1 9 37
0 37 40
1 47 38
1 13 7
1 1 34
1 23 5
1 48 28
0 14 16
1 50 26
1 22 7
1 34 4
1 15 6
1 31 41
0 44 45
0 4 31
0 14 32
1 15 11
1 2 15
1 32 8
1 24 14
0 10 48
0 31 50
0 16 41
1 1 34
0 20 24
1 17 48
1 33 33
1 1 46
1 9 6
1 15 40
0 43 44
0 5 44
1 33 12
1 7 42
1 42 25
1 50 29
0 13 43
1 29 19
1 47 4
1 15 47
1 35 6
1 17 25
1 19 26
0 30 47
1 24 1
1 28 23
1 29 24
1 46 41
1 49 5
1 37 1
1 44 14
1 11 37
1 35 28
1 19 31
0 21 32
1 46 40
1 28 27
1 6 21
1 17 43
0 21 27
1 6 32
1 2 13
1 38 47
0 20 28
1 43 21
0 25 39
1 33 20
1 43 30
1 8 32
1 26 36
1 8 22
1 50 35
1 23 27
1 48 30
0 17 30
1 39 46
1 12 48
0 25 36
1 37 2
1 14 6
1 1 6
1 49 2
1 30 13
1 13 49
0 30 35
1 30 19
0 42 50
0 1 22
1 33 11
1 2 24
1 24 18
1 1 2
1 46 50
1 32 14
1 18 41
1 39 31
1 38 22
0 43 46
1 10 25
1 24 38
1 32 23
1 30 14
1 44 21
0 20 30
1 28 44
1 37 47
1 3 46
1 23 25
1 26 2
1 12 29
1 23 43
1 37 47
1 29 47
1 5 18
1 43 8
1 27 34
1 40 19
1 42 23
1 20 45
1 9 14
0 30 38
1 16 24
1 24 18
1 2 31
1 21 1
1 20 16
0 2 7
1 24 16
1 16 30
1 12 6
1 15 22
1 21 32
1 2 37
1 38 19
1 6 28
1 42 10
1 43 35
1 14 2
1 10 24
0 3 43
1 25 33
1 49 20
0 24 41
1 38 12
1 1 40
1 38 47
1 31 45
1 48 13
1 40 1
0 7 49
1 16 4
1 36 39
0 15 17
1 44 39
1 23 8
1 14 11
1 4 48
1 18 45
1 43 3
1 12 34
1 5 14
1 6 1
1 37 22
1 30 24
1 25 32
1 1 32
0 4 41
1 50 35
1 15 10
1 17 6
1 3 37
1 1 5
0 25 35
1 42 19
0 21 48
1 3 41
1 1 35
1 9 49
1 42 45
1 43 22
0 21 26
0 2 27
1 30 34
1 43 35
0 40 47
0 8 17
1 33 10
1 19 17
1 29 2
1 46 26
1 3 11
0 18 33
1 15 15
0 5 42
1 35 46
0 8 50
1 49 9
1 1 15
0 17 22
1 2 4
1 46 50
1 50 19
1 38 25
1 48 23
1 13 18
0 17 37
1 33 7
1 19 37
1 38 46
0 3 47
1 14 20
1 21 6
0 25 27
1 48 1
1 3 1
1 21 48
1 3 31
1 50 41
1 17 23
1 37 19
1 41 29
1 47 16
1 11 16
1 30 42
1 4 14
0 2 16
1 18 44
1 12 8
1 3 34
1 12 45
1 17 4
0 43 50
1 18 40
0 20 50
1 28 18
1 33 1
1 17 16
1 28 22
1 16 42
1 31 9
0 22 25
1 12 5
0 29 33
1 28 46
0 12 23
1 33 31
1 18 7
1 28 7
1 36 30
1 49 36
1 15 38
1 4 45
1 36 17
1 9 32
1 25 21
1 45 29
0 1 41
1 48 21
1 21 49
1 11 50
1 12 21
0 17 44
1 15 50
1 34 24
1 8 49
1 7 33
1 3 31
1 26 23
1 6 20
1 39 18
1 5 42
1 44 33
1 1 23
1 50 46
0 14 20
1 13 49
-1
