100 100
208 692 880 169 -210 -554 -899 870 672 656 -714 -769 -265 543 795 252 662 455 -473 -266 -889 543 774 747 490 -70 516 -852 407 557 503 -909 -427 699 -457 -370 10 -177 -220 352 -446 538 -88 -825 770 65 158 691 -221 970 632 -10 616 330 447 -671 -405 592 474 -425 -941 786 310 18 -481 850 628 40 513 -516 224 -65 -773 544 -65 877 458 110 -755 837 -843 52 -25 -48 -784 -826 -342 396 181 -479 246 -525 804 -52 -801 -458 648 20 684 -821 
INSERT 7 76 -7 504 925 -965 222 -682 -188 89 764 756 263 810 806 -454 -135 738 -841 42 776 -164 -733 -677 676 -782 206 -474 957 912 887 55 -424 670 -173 -596 -698 -206 -593 206 -201 -496 984 996 -717 -967 -958 574 -820 30 516 -571 -713 150 -575 390 90 190 -522 925 274 662 803 -468 815 372 -825 -338 -590 -556 -316 -692 -815 322 -75 756 408 -54 
MAX-SUM
GET-SUM 27 75
GET-SUM 5 142
INSERT 5 27 -447 -542 511 583 201 428 -624 167 -41 -525 -48 474 353 359 852 -848 82 -851 710 -625 303 -508 140 -221 18 12 232 
INSERT 8 193 743 -565 -76 -355 -616 446 836 857 105 643 -355 15 999 744 99 -185 -478 -900 -660 -881 -373 -340 -255 -982 255 75 -938 13 278 208 -123 218 -380 -613 -703 892 -393 -330 641 -8 -702 -770 -2 292 90 -161 -762 492 108 -650 -693 135 -343 621 -362 -234 756 557 274 -396 -206 -290 -477 199 45 583 -481 -388 -130 127 -50 528 314 -467 142 388 -569 -161 724 207 -424 184 -433 625 -300 -18 993 -122 -844 372 891 -504 70 -832 -430 -593 -484 475 167 -502 -957 -108 -538 -197 567 245 936 -597 -848 -220 -622 -314 -300 222 701 -712 594 -71 194 -108 23 -497 -99 -320 -919 856 -855 891 -170 853 570 -989 925 11 242 -193 -470 143 234 -39 69 662 891 798 -693 922 -723 603 -902 -141 489 750 -521 -476 -724 -335 -523 1 -501 88 841 -665 540 -861 -507 232 726 678 -274 -407 -119 -788 921 695 317 -440 -720 -931 612 563 -840 -374 499 283 701 -408 -513 -511 -906 294 -5 847 -790 
MAKE-SAME 244 45 -844
REVERSE 143 89
GET-SUM 137 178
GET-SUM 93 84
REVERSE 267 124
INSERT 5 234 902 -950 953 -517 920 -554 -509 -540 -310 -614 -633 -596 -98 800 671 -703 -745 -961 865 64 -560 -975 830 1 801 861 226 102 -630 -431 -488 33 -626 -340 707 -269 -77 668 491 -592 959 -610 -787 904 -67 956 -73 -330 -197 -566 -778 95 -221 -85 -968 -547 963 -30 -594 662 -474 -69 -333 156 -687 944 -524 -192 50 170 -323 441 -731 -867 1000 381 380 572 443 -166 750 548 690 -471 -2 -580 -357 176 78 181 -103 432 872 -481 -246 -346 -371 -396 96 -856 450 454 -8 -816 927 -355 61 274 119 452 -4 -855 224 -566 780 -257 893 83 -779 435 287 -990 343 172 563 806 296 -360 163 -702 -729 72 569 856 -641 795 -593 -576 -654 915 582 987 609 730 -221 612 636 -983 817 32 813 17 -592 933 -498 540 -189 -154 559 -998 -811 656 822 818 -586 -452 203 -55 874 678 -325 291 -744 -853 -460 -10 154 -943 5 279 -73 235 -788 -763 -304 -116 751 -155 -372 284 -698 -345 408 -996 184 755 -204 289 -568 335 166 821 232 31 938 998 298 597 -487 -540 763 352 936 -260 -298 -70 76 266 583 793 -914 -151 -473 531 -801 -860 661 909 -922 922 205 -564 -196 -268 
MAX-SUM
GET-SUM 183 26
MAKE-SAME 111 416 -780
DELETE 274 310
MAKE-SAME 61 109 -90
REVERSE 33 126
GET-SUM 259 9
INSERT 8 116 178 955 -71 878 416 -253 484 3 -641 875 253 -310 519 166 253 951 -994 -26 523 -954 -700 197 736 459 -189 -819 472 -296 -117 569 925 -994 19 -290 322 -828 -544 -716 841 -820 -865 -266 996 -669 -547 -906 -638 -532 822 919 -454 -621 439 -692 -724 -378 279 -221 -437 -869 976 -34 -732 130 -406 898 289 158 -543 94 -73 -471 554 470 -290 17 402 -701 -79 -191 -572 -294 -885 830 -276 -779 -575 -587 -522 826 369 712 -25 -435 759 -173 -76 134 159 522 543 -511 237 268 884 -295 -41 -767 81 -429 -10 717 34 910 212 880 
INSERT 10 238 787 740 22 983 351 90 -581 672 -553 -851 -814 -178 539 -922 812 -567 82 14 714 866 810 700 -23 815 -606 -289 -508 131 344 713 535 47 -95 -993 -285 -699 -954 277 -148 718 -449 -721 968 971 -933 172 925 -132 -635 952 167 602 159 -293 603 -181 257 653 -181 -288 377 -120 413 217 144 598 -602 29 -123 731 964 -464 -841 689 45 -149 806 923 465 -184 972 -933 632 149 780 45 812 859 -317 -585 -347 -641 -283 879 45 638 587 692 -535 921 760 -110 -121 -806 504 -634 627 -482 -968 -575 840 -14 -283 853 827 291 253 148 735 465 509 -324 653 525 439 172 -274 858 -217 -913 208 -211 447 683 743 942 277 673 -674 75 -634 -988 236 766 879 -86 120 -883 502 -808 534 -401 784 226 -621 716 203 -535 -221 -148 -264 449 820 -249 -725 535 -776 -546 -869 -416 -100 934 -988 -736 860 -781 -305 977 523 22 -967 -905 -362 909 -486 976 292 749 255 -44 -703 -221 668 -438 134 -274 422 -641 -981 -157 936 946 757 312 -243 996 -558 346 363 -118 -549 954 -62 -731 254 464 674 -296 496 -8 -72 335 396 224 505 76 143 692 646 -686 -158 643 510 -785 -301 729 -772 20 
MAKE-SAME 637 26 87
GET-SUM 145 401
MAX-SUM
MAX-SUM
REVERSE 468 99
INSERT 8 521 33 -282 454 -363 7 -271 177 -709 547 -66 70 145 -527 684 260 -862 -611 17 243 858 419 -726 462 -83 -714 207 246 -793 -467 946 603 899 -22 675 -88 418 741 -572 -983 294 700 -192 -728 -163 -837 -436 36 -220 -849 -162 -594 637 570 987 -42 -894 412 -679 -482 79 -475 897 -268 -211 332 -44 477 -344 528 423 604 170 -343 -249 -172 794 99 -411 491 793 -656 -227 -726 170 100 -889 72 -353 373 751 -378 -632 525 298 839 491 -993 524 -551 129 -513 -207 -371 272 -959 -925 -761 -564 -794 -91 866 -359 -757 919 -761 -785 439 -949 -226 62 -961 -434 779 -651 -356 500 -181 16 -845 107 -184 -435 856 770 94 -959 -276 -637 946 644 -717 -181 702 630 626 -604 -873 484 629 -390 93 458 -720 -632 139 259 -136 -2 115 710 667 -30 -510 413 986 -771 -200 753 315 -778 -943 507 247 20 -900 -96 -246 -898 -308 653 833 492 357 -971 -302 521 -967 42 530 190 233 759 929 -111 68 328 598 947 -641 270 913 283 -373 -921 -375 -897 215 -564 385 -548 -134 857 -170 -205 204 307 -108 -81 471 -642 859 -384 -528 434 818 921 -679 -76 282 -650 432 -960 616 701 -128 -628 816 -938 252 293 -234 389 263 194 515 520 324 156 954 729 394 576 -819 -278 201 587 -45 -857 -47 -720 239 262 -512 96 -992 -599 -298 -138 335 539 -775 373 -861 626 -822 222 -97 -437 713 27 464 -862 166 -727 -554 -905 328 -586 -49 908 -901 187 -708 -348 -450 -694 -80 -162 948 -770 -936 324 -48 157 739 902 -916 209 -126 -779 670 959 -252 -890 -157 242 221 -772 -673 192 -589 339 -183 -358 -118 -610 695 128 673 -265 -625 378 507 -144 -945 719 -713 730 -119 887 175 437 49 72 125 884 -102 -517 -314 -492 970 531 183 -916 -145 -895 -936 999 553 854 578 -913 -572 -842 -975 -280 462 467 505 642 154 696 921 304 10 79 902 964 -508 -540 -857 721 -663 -865 851 69 880 -1 762 391 563 609 442 -830 -772 -111 857 153 -596 -861 -652 -302 -339 -214 94 -185 -230 -725 -371 -863 -786 -156 -738 -452 -435 -212 -250 985 498 958 -485 882 -535 607 -188 778 -171 850 -651 538 917 318 523 481 849 523 796 -643 844 -710 -645 711 581 -479 827 827 588 862 200 52 237 -431 233 -63 -693 396 -271 977 -38 -969 974 408 90 -333 471 97 -666 727 -260 -781 -445 92 -390 -739 790 -166 -264 34 -348 -687 18 -238 58 140 -309 -330 -813 364 -777 -640 -708 132 -685 -809 -679 185 -124 422 -81 -316 -489 -661 285 484 427 897 467 92 -737 54 306 437 -989 -369 356 187 -472 -663 513 -270 -431 
MAX-SUM
DELETE 191 877
MAKE-SAME 89 65 422
GET-SUM 26 208
REVERSE 166 136
MAX-SUM
MAKE-SAME 30 221 -692
INSERT 5 16 -391 229 950 198 -316 -491 603 995 554 34 413 -163 203 580 -283 -436 
MAX-SUM
MAX-SUM
REVERSE 66 193
DELETE 85 64
MAX-SUM
MAKE-SAME 171 84 -785
DELETE 80 99
MAX-SUM
MAKE-SAME 10 116 -932
MAX-SUM
GET-SUM 28 86
MAX-SUM
INSERT 5 66 7 564 -359 -945 -401 -948 483 841 -869 -923 174 -229 645 929 532 499 -508 -998 -155 307 996 949 -53 -509 766 798 -214 224 -157 -863 -897 637 168 -718 -846 -772 -200 477 823 -874 -358 -193 -906 24 325 -605 701 560 -981 -969 677 -483 105 578 894 307 647 789 40 -383 -319 -615 -114 -269 -19 45 
GET-SUM 21 10
DELETE 133 82
MAX-SUM
MAKE-SAME 35 13 -915
GET-SUM 7 146
REVERSE 52 24
INSERT 8 89 -537 336 630 246 839 -198 626 -888 -891 629 986 -827 -276 724 913 715 785 -977 210 840 75 33 -591 676 -355 919 -792 671 -589 -468 -886 -994 877 862 -943 823 161 -732 -849 69 447 510 -163 -365 32 664 -157 -409 93 -308 -294 194 -147 -990 -730 752 10 -931 433 219 -127 -212 30 -610 -719 873 896 67 299 -914 -770 789 998 -743 312 554 -467 -128 -807 802 -623 -513 -80 -109 -861 -650 -116 -419 -920 
DELETE 26 174
INSERT 4 61 -347 -996 73 -29 177 595 666 -428 -676 40 -275 -204 -560 615 -128 578 186 -693 839 486 453 -943 624 -542 229 -649 -216 669 614 -90 705 -598 520 807 627 -517 -501 194 -998 -370 -752 -717 -280 -452 712 967 -478 355 110 -20 140 -839 551 -718 996 -558 -216 245 -34 948 787 
DELETE 20 95
GET-SUM 4 29
REVERSE 26 7
MAKE-SAME 30 4 -632
DELETE 13 15
MAKE-SAME 6 12 460
MAX-SUM
DELETE 18 2
MAX-SUM
DELETE 8 5
INSERT 2 2 -253 810 
REVERSE 4 13
MAX-SUM
MAKE-SAME 7 7 -577
MAX-SUM
MAX-SUM
MAX-SUM
MAKE-SAME 8 4 -437
MAX-SUM
REVERSE 6 4
DELETE 6 5
REVERSE 3 5
GET-SUM 7 3
MAKE-SAME 4 8 -324
DELETE 1 7
MAKE-SAME 3 2 435
MAX-SUM
DELETE 2 2
REVERSE 2 1
GET-SUM 1 2
MAKE-SAME 1 2 108
MAX-SUM
MAKE-SAME 2 1 238
REVERSE 2 1
MAX-SUM
INSERT 1 6 933 867 -14 -229 -76 -208 
MAKE-SAME 3 1 -809
REVERSE 1 2
REVERSE 1 5
REVERSE 3 1
MAKE-SAME 4 2 -353
MAX-SUM
DELETE 4 3
